date,open,high,low,close,volume
1998-01-02,53.25,53.5,50.12,52.5,335200.0
1998-01-05,52.5,52.5,51.69,52.06,230600.0
1998-01-06,52.0,52.06,51.06,51.31,88900.0
1998-01-07,51.12,51.12,50.0,51.0,306100.0
1998-01-08,50.94,51.25,50.94,51.0,154800.0
1998-01-09,51.12,51.12,49.88,50.0,345800.0
1998-01-12,49.94,50.5,49.62,50.5,133300.0
1998-01-13,50.5,51.19,50.06,51.12,90200.0
1998-01-14,51.31,52.88,50.75,52.5,165000.0
1998-01-15,52.38,53.0,52.0,52.75,100700.0
1998-01-16,52.81,52.81,52.38,52.38,48600.0
1998-01-20,52.19,53.38,51.44,53.31,138900.0
1998-01-21,53.56,53.56,52.31,52.62,136600.0
1998-01-22,52.62,52.62,52.0,52.38,59700.0
1998-01-23,52.38,52.38,51.06,51.12,82600.0
1998-01-26,51.12,51.12,49.75,50.0,72100.0
1998-01-27,50.5,51.19,50.25,51.19,194000.0
1998-01-28,50.88,52.5,50.88,52.44,492200.0
1998-01-29,52.5,53.44,52.44,52.75,139000.0
1998-01-30,52.88,52.88,52.12,52.38,192700.0
1998-02-02,52.62,52.75,52.5,52.69,142400.0
1998-02-03,52.69,52.94,51.31,51.94,165300.0
1998-02-04,52.19,53.88,52.06,53.44,178100.0
1998-02-05,53.69,54.44,52.88,53.12,296800.0
1998-02-06,53.19,54.75,53.0,54.38,135100.0
1998-02-09,53.88,53.94,53.5,53.62,45800.0
1998-02-10,53.81,54.75,53.81,54.69,59200.0
1998-02-11,54.38,54.62,52.75,53.06,779500.0
1998-02-12,52.81,52.88,49.75,51.38,317500.0
1998-02-13,50.88,50.94,49.5,49.94,278500.0
1998-02-17,49.94,50.75,49.5,50.06,373200.0
1998-02-18,50.25,52.38,50.06,51.25,717300.0
1998-02-19,51.38,52.38,51.12,52.0,210900.0
1998-02-20,52.25,52.81,52.25,52.62,91900.0
1998-02-23,52.75,52.88,52.5,52.56,137700.0
1998-02-24,52.62,53.0,52.5,52.56,134000.0
1998-02-25,52.81,54.5,52.81,54.25,323900.0
1998-02-26,53.94,54.31,53.75,54.25,31700.0
1998-02-27,54.44,55.25,54.38,54.75,152500.0
1998-03-02,55.0,55.69,54.88,55.0,385300.0
1998-03-03,55.12,57.0,54.88,56.75,135100.0
1998-03-04,57.38,57.5,56.25,56.5,3257500.0
1998-03-05,55.0,56.62,55.0,55.88,662700.0
1998-03-06,56.12,57.69,56.0,57.56,575600.0
1998-03-09,57.44,59.0,57.31,57.81,369800.0
1998-03-10,57.56,58.0,56.75,57.94,273900.0
1998-03-11,58.0,58.25,57.75,58.0,247700.0
1998-03-12,58.19,59.88,58.0,59.81,180800.0
1998-03-13,60.5,60.88,59.56,59.81,318200.0
1998-03-16,59.81,60.5,59.81,60.0,149800.0
1998-03-17,60.0,62.44,59.94,62.06,189100.0
1998-03-18,62.06,63.0,61.0,61.0,159800.0
1998-03-19,61.25,63.5,61.25,61.62,241400.0
1998-03-20,62.12,65.0,62.12,64.94,688400.0
1998-03-23,64.94,67.0,64.88,67.0,567900.0
1998-03-24,67.0,67.12,66.06,66.94,342500.0
1998-03-25,67.31,68.5,66.81,68.25,770000.0
1998-03-26,68.25,69.38,68.06,68.88,815200.0
1998-03-27,69.12,70.12,69.0,69.19,237800.0
1998-03-30,70.0,70.0,68.69,68.88,197900.0
1998-03-31,69.0,70.88,68.44,70.38,572700.0
1998-04-01,72.5,72.94,71.38,71.88,331400.0
1998-04-02,71.88,72.5,70.31,70.75,282000.0
1998-04-03,71.5,72.5,71.0,71.75,360500.0
1998-04-06,72.0,72.0,70.69,71.62,129500.0
1998-04-07,71.62,71.62,67.62,69.75,486100.0
1998-04-08,69.75,69.75,68.69,68.69,282700.0
1998-04-09,68.75,69.25,68.56,68.75,153300.0
1998-04-13,69.62,69.94,69.0,69.0,108500.0
1998-04-14,69.12,69.88,67.94,68.19,175600.0
1998-04-15,68.62,71.0,68.62,70.88,400500.0
1998-04-16,70.94,72.38,70.94,71.06,112700.0
1998-04-17,71.12,71.75,71.12,71.69,49500.0
1998-04-20,71.94,72.5,70.56,71.12,103400.0
1998-04-21,71.25,71.5,70.06,70.06,73700.0
1998-04-22,70.31,70.31,69.0,69.56,172800.0
1998-04-23,69.44,69.56,67.25,67.69,268700.0
1998-04-24,67.81,68.25,65.25,68.06,430200.0
1998-04-27,67.12,67.38,65.38,65.69,323300.0
1998-04-28,66.62,68.25,66.62,67.31,536600.0
1998-04-29,70.19,70.19,67.12,67.5,411300.0
1998-04-30,68.5,69.19,67.62,68.38,392000.0
1998-05-01,68.44,68.5,67.25,68.5,130000.0
1998-05-04,68.62,69.25,67.88,68.19,149200.0
1998-05-05,68.44,68.56,67.5,68.31,116700.0
1998-05-06,69.25,69.25,68.38,68.5,91200.0
1998-05-07,68.0,68.0,67.06,67.06,151300.0
1998-05-08,67.31,67.5,66.94,67.31,216600.0
1998-05-11,68.12,69.12,67.44,67.5,140700.0
1998-05-12,68.0,68.12,67.5,67.81,106600.0
1998-05-13,67.94,69.5,67.94,68.56,102300.0
1998-05-14,68.31,69.25,67.81,67.88,107600.0
1998-05-15,67.88,69.19,67.88,68.75,159700.0
1998-05-18,69.75,69.94,67.5,67.94,119600.0
1998-05-19,67.75,69.0,65.75,66.5,186200.0
1998-05-20,66.88,68.5,66.88,68.25,154500.0
1998-05-21,69.0,70.5,69.0,69.69,323600.0
1998-05-22,70.25,70.88,69.69,70.5,312200.0
1998-05-26,72.38,72.38,70.25,70.31,304300.0
1998-05-27,70.31,70.31,69.5,69.88,72000.0
1998-05-28,70.0,70.38,69.5,70.12,107500.0
1998-05-29,69.94,69.94,69.0,69.69,234200.0
1998-06-01,69.75,70.44,69.12,69.75,93700.0
1998-06-02,69.81,70.25,68.94,70.25,242900.0
1998-06-03,70.38,70.5,69.62,69.69,131400.0
1998-06-04,69.5,70.88,69.12,70.88,105700.0
1998-06-05,71.38,71.81,70.62,71.5,149600.0
1998-06-08,71.38,73.75,71.38,73.19,161200.0
1998-06-09,73.5,75.44,73.5,74.5,148000.0
1998-06-10,74.56,74.56,74.0,74.12,81400.0
1998-06-11,74.0,74.81,73.5,74.56,76200.0
1998-06-12,74.81,75.5,73.0,73.06,75100.0
1998-06-15,72.0,72.38,70.81,71.94,119400.0
1998-06-16,71.81,72.62,71.5,72.12,58400.0
1998-06-17,72.38,73.38,72.38,73.06,48200.0
1998-06-18,72.81,73.0,72.25,72.25,116100.0
1998-06-19,72.25,72.88,72.25,72.62,75700.0
1998-06-22,72.81,75.19,72.81,75.06,108700.0
1998-06-23,75.38,79.75,75.38,78.5,352700.0
1998-06-24,79.0,79.69,77.69,78.25,356100.0
1998-06-25,78.5,78.88,77.81,78.0,190300.0
1998-06-26,78.0,78.0,76.25,76.88,255400.0
1998-06-29,77.12,78.44,77.12,78.12,119600.0
1998-06-30,78.25,80.75,78.25,79.5,173400.0
1998-07-01,79.75,81.88,79.75,80.31,325800.0
1998-07-02,80.38,80.38,79.75,80.12,92500.0
1998-07-06,80.12,80.25,79.75,80.0,69800.0
1998-07-07,79.88,81.25,79.88,80.56,86900.0
1998-07-08,80.81,82.94,80.81,82.06,122400.0
1998-07-09,83.62,83.75,82.19,82.38,99300.0
1998-07-10,82.62,83.75,82.38,82.94,95600.0
1998-07-13,83.0,83.12,82.56,83.12,164200.0
1998-07-14,83.0,85.62,83.0,84.38,427700.0
1998-07-15,85.0,85.25,84.62,85.06,214500.0
1998-07-16,84.81,85.5,83.06,84.94,243300.0
1998-07-17,84.94,86.38,84.94,86.25,99500.0
1998-07-20,86.5,87.81,86.5,87.31,152000.0
1998-07-21,87.44,87.75,86.0,86.19,130100.0
1998-07-22,86.25,86.25,84.44,85.0,75200.0
1998-07-23,85.0,85.25,82.56,82.88,74700.0
1998-07-24,82.88,82.94,78.88,80.56,223200.0
1998-07-27,79.75,80.5,73.75,75.56,879300.0
1998-07-28,75.56,77.75,73.75,75.31,834500.0
1998-07-29,75.56,76.75,75.19,75.19,113900.0
1998-07-30,75.19,76.0,75.12,75.25,159300.0
1998-07-31,75.25,75.94,74.25,74.75,307300.0
1998-08-03,38.0,38.0,35.0,35.69,156400.0
1998-08-04,36.0,36.88,33.56,34.19,488100.0
1998-08-05,34.25,34.5,32.25,33.25,366800.0
1998-08-06,33.12,33.88,32.81,33.88,371900.0
1998-08-07,34.56,36.75,34.5,36.5,633100.0
1998-08-10,36.5,36.5,34.94,35.25,170900.0
1998-08-11,33.5,33.56,30.5,32.62,697700.0
1998-08-12,33.75,34.75,32.25,33.12,211400.0
1998-08-13,33.12,33.12,31.56,32.0,450300.0
1998-08-14,33.0,33.0,30.12,30.81,324800.0
1998-08-17,30.69,30.69,28.0,28.81,1041100.0
1998-08-18,29.75,29.75,28.12,29.0,1392300.0
1998-08-19,30.5,33.12,30.38,32.0,1025800.0
1998-08-20,31.5,33.5,31.38,32.69,438800.0
1998-08-21,31.5,33.38,31.31,33.31,782400.0
1998-08-24,33.31,33.56,31.69,31.81,436000.0
1998-08-25,33.5,33.62,31.81,31.88,413000.0
1998-08-26,31.88,32.75,30.62,32.56,420200.0
1998-08-27,32.44,32.44,30.0,30.38,363600.0
1998-08-28,30.5,30.62,27.0,28.56,472600.0
1998-08-31,28.56,28.81,23.12,24.5,773100.0
1998-09-01,24.25,25.94,23.56,25.88,1053100.0
1998-09-02,26.25,27.31,26.25,27.12,568300.0
1998-09-03,27.0,27.31,26.0,27.06,701800.0
1998-09-04,27.25,28.44,26.94,27.31,721900.0
1998-09-08,29.0,30.12,28.38,28.81,746600.0
1998-09-09,29.06,29.06,28.25,28.69,495900.0
1998-09-10,28.56,28.56,27.44,28.19,354200.0
1998-09-11,28.44,29.19,28.0,28.44,721100.0
1998-09-14,28.88,29.38,28.62,28.94,521100.0
1998-09-15,28.94,29.81,28.88,29.75,599400.0
1998-09-16,30.62,31.19,30.06,30.69,487400.0
1998-09-17,30.31,30.31,28.25,28.88,550300.0
1998-09-18,29.0,29.38,28.5,29.0,367500.0
1998-09-21,28.75,28.75,27.75,28.19,208000.0
1998-09-22,28.38,28.88,27.81,27.88,235200.0
1998-09-23,28.12,28.5,26.75,26.94,520600.0
1998-09-24,26.88,27.25,26.25,27.12,497600.0
1998-09-25,27.12,27.81,26.81,27.69,402700.0
1998-09-28,27.31,27.81,27.06,27.12,183300.0
1998-09-29,27.19,27.25,26.69,26.75,261600.0
1998-09-30,26.5,27.0,26.44,26.56,192600.0
1998-10-01,26.5,26.5,23.62,23.94,317100.0
1998-10-02,24.0,24.38,20.0,21.5,2214100.0
1998-10-05,21.75,23.12,21.5,22.25,1820900.0
1998-10-06,22.44,23.75,22.38,22.5,1078900.0
1998-10-07,22.25,22.25,20.56,20.62,460500.0
1998-10-08,19.5,19.5,17.0,18.0,1016900.0
1998-10-09,19.5,21.06,18.75,20.44,1070600.0
1998-10-12,21.75,24.19,21.38,23.5,1050000.0
1998-10-13,23.25,23.31,21.25,21.5,1452600.0
1998-10-14,21.38,23.38,21.38,22.94,462300.0
1998-10-15,22.94,23.5,22.19,23.38,517100.0
1998-10-16,23.25,24.5,23.25,23.62,538800.0
1998-10-19,23.69,25.5,23.69,25.0,763900.0
1998-10-20,26.25,27.44,26.12,26.56,666600.0
1998-10-21,26.5,26.56,25.0,25.5,486400.0
1998-10-22,27.5,27.75,25.69,25.69,1049600.0
1998-10-23,25.12,26.38,25.0,25.19,618800.0
1998-10-26,25.25,26.06,25.0,25.75,520700.0
1998-10-27,27.25,27.38,25.88,26.06,1242600.0
1998-10-28,26.25,26.25,25.69,25.81,714000.0
1998-10-29,25.81,26.5,25.75,26.25,250200.0
1998-10-30,26.88,28.0,26.81,27.88,594100.0
1998-11-02,28.62,29.38,28.06,29.0,703800.0
1998-11-03,29.0,29.88,27.75,28.44,719500.0
1998-11-04,28.75,29.0,28.5,28.5,614000.0
1998-11-05,28.81,29.75,28.0,29.56,418600.0
1998-11-06,29.69,30.75,28.88,30.62,577100.0
1998-11-09,29.5,29.88,28.12,29.25,552000.0
1998-11-10,28.5,28.94,28.25,28.5,1794800.0
1998-11-11,28.69,29.75,28.62,28.88,367100.0
1998-11-12,28.81,28.81,27.5,27.56,308700.0
1998-11-13,27.56,27.56,26.56,27.12,512100.0
1998-11-16,27.12,27.25,26.0,26.0,666100.0
1998-11-17,26.0,26.94,25.5,26.69,542700.0
1998-11-18,26.62,26.69,26.0,26.31,217200.0
1998-11-19,26.31,26.38,26.0,26.31,276100.0
1998-11-20,26.56,28.31,26.5,28.19,808300.0
1998-11-23,28.12,30.25,28.0,29.88,1097500.0
1998-11-24,29.88,30.31,29.62,30.0,369100.0
1998-11-25,29.88,31.38,29.88,30.0,552900.0
1998-11-27,30.06,30.38,30.0,30.12,80800.0
1998-11-30,30.06,30.5,29.69,30.38,366400.0
1998-12-01,30.0,30.5,29.75,30.25,594300.0
1998-12-02,30.19,30.5,29.88,30.38,674900.0
1998-12-03,29.94,31.25,29.88,30.56,469600.0
1998-12-04,30.81,31.75,30.75,31.56,296300.0
1998-12-07,32.5,33.12,32.06,32.88,667600.0
1998-12-08,32.94,34.12,32.94,33.81,482800.0
1998-12-09,34.0,34.0,32.88,33.06,344500.0
1998-12-10,33.06,33.06,31.81,31.94,794000.0
1998-12-11,32.0,32.25,31.88,32.25,1224800.0
1998-12-14,32.0,32.06,30.88,31.0,959900.0
1998-12-15,31.0,31.25,30.38,30.88,1520400.0
1998-12-16,30.62,31.5,30.44,30.44,404000.0
1998-12-17,30.31,32.0,29.75,31.0,606000.0
1998-12-18,31.0,32.19,30.56,31.25,506900.0
1998-12-21,31.5,33.19,31.38,32.38,208800.0
1998-12-22,32.94,33.25,32.38,33.06,340300.0
1998-12-23,33.31,35.44,33.31,35.25,575400.0
1998-12-24,35.12,35.31,34.94,35.25,74200.0
1998-12-28,35.0,35.38,34.31,34.38,153200.0
1998-12-29,34.5,36.75,34.5,36.5,240500.0
1998-12-30,36.5,36.62,35.19,35.31,235400.0
1998-12-31,35.31,37.12,35.12,37.0,348900.0
1999-01-04,36.5,36.56,35.12,35.25,400900.0
1999-01-05,35.25,37.12,35.25,36.62,458300.0
1999-01-06,37.75,38.88,37.69,38.5,697200.0
1999-01-07,37.62,37.94,36.94,37.62,379200.0
1999-01-08,38.12,39.19,38.12,38.31,318900.0
1999-01-11,38.31,38.31,37.38,37.69,184400.0
1999-01-12,37.94,38.25,36.88,37.0,348000.0
1999-01-13,34.88,35.62,34.12,35.38,940600.0
1999-01-14,36.12,37.12,35.06,35.06,228000.0
1999-01-15,36.0,36.94,35.88,35.88,204600.0
1999-01-19,36.38,37.38,35.38,37.38,335600.0
1999-01-20,37.75,39.38,37.12,39.06,392700.0
1999-01-21,38.56,38.56,37.69,37.88,454200.0
1999-01-22,37.38,37.38,35.25,37.0,202500.0
1999-01-25,37.0,37.75,37.0,37.25,301700.0
1999-01-26,37.12,38.0,37.12,37.88,450700.0
1999-01-27,38.25,39.5,38.25,38.88,297800.0
1999-01-28,39.75,39.94,39.0,39.12,525900.0
1999-01-29,39.88,40.0,39.12,39.75,235200.0
1999-02-01,39.69,40.25,37.38,38.0,557500.0
1999-02-02,37.75,37.88,35.75,36.56,619000.0
1999-02-03,36.62,37.94,36.62,37.0,1034800.0
1999-02-04,37.0,37.0,35.31,35.56,353100.0
1999-02-05,35.69,35.81,34.38,34.56,495200.0
1999-02-08,34.81,36.0,34.75,35.0,275700.0
1999-02-09,34.88,35.0,34.25,34.25,219000.0
1999-02-10,34.0,34.25,32.75,34.06,269100.0
1999-02-11,34.62,35.06,34.12,34.62,377300.0
1999-02-12,34.62,34.62,33.5,33.62,205000.0
1999-02-16,33.38,33.94,32.25,32.88,575700.0
1999-02-17,32.62,32.94,31.38,31.75,458200.0
1999-02-18,32.25,33.62,32.25,33.5,502900.0
1999-02-19,33.62,34.5,33.31,33.81,360200.0
1999-02-22,34.06,34.5,33.94,34.19,197400.0
1999-02-23,34.44,34.81,33.5,34.5,181800.0
1999-02-24,34.75,35.38,33.75,33.88,512000.0
1999-02-25,33.12,33.5,32.19,33.12,502500.0
1999-02-26,33.12,33.81,32.62,33.19,373800.0
1999-03-01,33.12,33.12,32.62,32.75,179600.0
1999-03-02,32.5,32.62,31.75,32.56,318500.0
1999-03-03,32.81,33.38,32.5,32.75,175400.0
1999-03-04,33.0,34.75,33.0,34.0,282200.0
1999-03-05,34.94,36.0,34.62,36.0,262800.0
1999-03-08,36.0,36.0,34.19,34.5,254300.0
1999-03-09,34.5,35.5,34.12,34.12,200200.0
1999-03-10,34.31,37.25,34.31,36.56,545900.0
1999-03-11,36.81,39.0,36.25,38.5,513100.0
1999-03-12,38.31,38.5,36.06,37.0,1357900.0
1999-03-15,37.0,37.5,36.88,37.44,189300.0
1999-03-16,37.38,37.62,36.75,36.88,322300.0
1999-03-17,36.88,36.94,36.12,36.12,602500.0
1999-03-18,36.38,37.44,35.62,35.94,535500.0
1999-03-19,36.0,36.38,35.62,35.88,232100.0
1999-03-22,35.88,35.88,34.62,35.5,162800.0
1999-03-23,35.25,35.25,33.75,34.0,193100.0
1999-03-24,34.0,34.44,33.88,34.31,177500.0
1999-03-25,34.56,35.38,34.56,35.38,362100.0
1999-03-26,36.38,36.62,36.19,36.5,749400.0
1999-03-29,36.94,37.25,36.25,36.81,249300.0
1999-03-30,36.62,37.88,36.31,37.44,230600.0
1999-03-31,38.0,39.12,37.94,39.0,441100.0
1999-04-01,39.0,39.0,37.62,38.75,218000.0
1999-04-05,39.12,39.38,38.62,38.69,540400.0
1999-04-06,38.62,38.62,37.44,37.44,207600.0
1999-04-07,37.56,37.94,37.5,37.69,387000.0
1999-04-08,37.75,38.75,37.75,38.69,378300.0
1999-04-09,38.88,39.5,38.12,39.5,712100.0
1999-04-12,39.38,40.0,38.75,39.69,269100.0
1999-04-13,39.94,39.94,37.5,38.12,237800.0
1999-04-14,38.38,38.5,37.88,38.0,443800.0
1999-04-15,38.12,38.25,35.88,36.38,535300.0
1999-04-16,36.62,36.75,35.25,36.0,510200.0
1999-04-19,36.06,36.38,33.62,33.75,383000.0
1999-04-20,34.25,35.75,34.06,34.19,369400.0
1999-04-21,34.44,34.5,31.88,33.25,1401400.0
1999-04-22,33.62,37.0,33.62,36.75,1259700.0
1999-04-23,36.81,38.5,36.75,38.12,311500.0
1999-04-26,37.5,37.56,34.56,36.56,638700.0
1999-04-27,36.69,36.88,35.38,35.5,490400.0
1999-04-28,35.56,37.12,35.56,37.12,702000.0
1999-04-29,37.0,37.19,36.62,36.62,374900.0
1999-04-30,36.62,37.56,36.62,36.94,154900.0
1999-05-03,37.0,38.25,37.0,38.19,258100.0
1999-05-04,38.31,38.31,36.31,37.31,211500.0
1999-05-05,37.38,37.88,36.62,37.0,198500.0
1999-05-06,36.75,37.75,36.62,37.75,116700.0
1999-05-07,38.12,38.19,37.0,37.62,195600.0
1999-05-10,37.62,37.94,36.94,37.19,245100.0
1999-05-11,37.06,37.56,36.62,37.19,96200.0
1999-05-12,37.19,38.12,36.38,38.12,228900.0
1999-05-13,38.25,39.75,38.25,38.88,314100.0
1999-05-14,38.0,38.5,37.75,38.0,110400.0
1999-05-17,37.75,38.25,37.62,37.81,133800.0
1999-05-18,37.56,38.88,37.56,38.5,337300.0
1999-05-19,38.38,41.75,38.0,41.75,1053700.0
1999-05-20,41.5,44.5,40.62,43.25,809000.0
1999-05-21,42.0,42.25,41.0,41.12,607600.0
1999-05-24,41.25,41.25,40.0,40.25,921900.0
1999-05-25,40.31,40.31,38.56,39.0,218800.0
1999-05-26,39.25,39.62,38.25,38.31,168300.0
1999-05-27,38.31,39.56,37.0,37.75,425200.0
1999-05-28,37.5,39.19,37.5,39.12,260400.0
1999-06-01,39.0,40.25,39.0,40.25,365300.0
1999-06-02,40.0,40.0,38.06,38.62,348400.0
1999-06-03,39.38,42.62,39.38,41.94,607300.0
1999-06-04,40.88,41.5,40.69,41.0,578500.0
1999-06-07,41.0,41.62,40.0,41.56,504200.0
1999-06-08,41.56,41.56,41.0,41.44,131100.0
1999-06-09,41.69,42.88,41.62,42.75,420800.0
1999-06-10,43.0,44.0,43.0,43.81,532400.0
1999-06-11,43.81,44.5,43.56,43.69,549800.0
1999-06-14,43.56,43.56,42.0,42.62,295400.0
1999-06-15,42.62,42.75,42.12,42.56,166700.0
1999-06-16,42.56,44.0,42.5,44.0,321100.0
1999-06-17,43.88,43.88,42.75,43.31,341500.0
1999-06-18,43.5,43.94,42.88,43.69,245100.0
1999-06-21,43.94,44.44,43.06,43.19,643500.0
1999-06-22,43.38,43.5,42.75,42.94,294900.0
1999-06-23,43.0,43.69,42.62,43.38,183600.0
1999-06-24,43.38,43.38,42.12,42.69,161000.0
1999-06-25,42.69,43.38,42.69,43.0,561000.0
1999-06-28,42.12,43.5,42.12,43.12,174600.0
1999-06-29,43.38,44.0,42.5,43.88,511200.0
1999-06-30,43.75,44.0,43.5,43.75,471300.0
1999-07-01,43.5,43.5,42.12,43.06,116300.0
1999-07-02,43.31,43.62,42.81,43.62,229200.0
1999-07-06,43.75,45.62,43.75,44.88,477600.0
1999-07-07,44.88,46.19,44.5,46.19,328100.0
1999-07-08,45.62,46.62,44.38,45.0,310500.0
1999-07-09,45.0,45.0,44.12,44.38,638400.0
1999-07-12,44.38,44.38,43.69,43.94,138400.0
1999-07-13,44.0,44.0,43.0,43.56,116800.0
1999-07-14,43.81,43.81,42.25,43.25,885400.0
1999-07-15,43.38,43.94,43.25,43.62,351200.0
1999-07-16,43.88,44.88,42.75,43.06,259000.0
1999-07-19,43.12,43.12,42.38,42.75,148200.0
1999-07-20,42.38,42.62,41.06,41.56,324100.0
1999-07-21,41.31,42.62,41.31,42.62,316900.0
1999-07-22,43.12,45.12,43.12,44.56,602800.0
1999-07-23,45.0,46.5,44.88,45.75,626500.0
1999-07-26,45.62,46.69,44.88,46.0,312000.0
1999-07-27,47.25,48.25,46.88,47.88,1059200.0
1999-07-28,47.75,49.0,47.75,48.69,1518600.0
1999-07-29,48.56,48.56,46.81,47.38,387300.0
1999-07-30,47.5,48.25,46.94,47.0,492800.0
1999-08-02,46.75,47.0,44.88,45.5,326900.0
1999-08-03,45.62,46.31,45.5,45.81,266100.0
1999-08-04,45.75,46.25,45.75,46.0,108500.0
1999-08-05,46.25,46.31,45.0,45.31,147400.0
1999-08-06,45.31,46.19,44.56,46.06,247300.0
1999-08-09,46.25,47.38,45.38,45.44,261800.0
1999-08-10,45.62,45.81,44.38,45.81,426800.0
1999-08-11,46.0,46.69,46.0,46.31,281700.0
1999-08-12,46.5,47.31,46.44,47.0,211600.0
1999-08-13,46.75,49.19,46.75,48.69,136100.0
1999-08-16,48.44,48.69,48.12,48.69,122900.0
1999-08-17,48.69,48.88,47.75,47.81,136000.0
1999-08-18,48.0,48.75,47.81,48.19,66500.0
1999-08-19,47.94,48.56,47.12,48.56,218200.0
1999-08-20,48.69,51.12,48.69,49.88,380600.0
1999-08-23,50.12,51.62,49.88,51.5,153400.0
1999-08-24,50.5,51.0,50.0,50.88,250700.0
1999-08-25,50.62,50.62,49.5,50.31,185600.0
1999-08-26,50.06,50.06,48.62,48.62,145300.0
1999-08-27,48.88,49.25,47.56,47.75,81200.0
1999-08-30,48.0,48.19,46.88,47.06,128300.0
1999-08-31,47.0,47.0,46.5,46.81,370000.0
1999-09-01,46.94,47.19,46.25,46.44,152100.0
1999-09-02,46.19,46.25,42.12,43.31,1199500.0
1999-09-03,43.38,45.38,42.94,45.12,1171900.0
1999-09-07,45.75,46.62,45.75,46.38,329500.0
1999-09-08,46.12,46.88,45.94,46.5,436000.0
1999-09-09,46.5,46.5,45.06,45.5,454900.0
1999-09-10,45.62,45.62,42.75,42.75,536000.0
1999-09-13,42.75,43.75,42.75,43.12,624100.0
1999-09-14,42.25,44.5,42.25,43.62,642600.0
1999-09-15,43.62,43.62,42.94,43.0,256200.0
1999-09-16,43.12,43.5,42.5,43.25,393900.0
1999-09-17,43.31,47.12,43.31,47.0,740600.0
1999-09-20,46.5,48.38,46.5,47.69,315600.0
1999-09-21,47.44,47.44,45.62,46.25,312800.0
1999-09-22,46.12,47.12,45.88,46.81,111200.0
1999-09-23,47.06,47.25,45.88,46.75,342300.0
1999-09-24,46.75,46.88,45.56,46.25,4440300.0
1999-09-27,46.12,46.19,45.25,45.25,754400.0
1999-09-28,45.06,45.06,43.25,43.5,759500.0
1999-09-29,43.44,44.25,43.38,43.94,362700.0
1999-09-30,43.94,45.25,43.94,45.0,520300.0
1999-10-01,44.62,45.31,43.81,45.12,209500.0
1999-10-04,45.25,45.75,44.5,45.5,299300.0
1999-10-05,45.5,46.38,45.38,46.0,529800.0
1999-10-06,46.0,46.25,45.5,46.25,460100.0
1999-10-07,46.62,46.94,46.25,46.75,315100.0
1999-10-08,46.75,46.75,46.12,46.38,266600.0
1999-10-11,47.0,48.0,46.56,47.19,420900.0
1999-10-12,47.31,47.31,46.62,46.81,203200.0
1999-10-13,46.69,46.75,45.69,45.88,266900.0
1999-10-14,45.75,45.81,44.88,45.81,208500.0
1999-10-15,45.12,46.0,44.31,45.25,518500.0
1999-10-18,45.31,45.66,42.62,43.69,571400.0
1999-10-19,45.0,45.81,43.44,43.81,252500.0
1999-10-20,44.5,49.94,44.38,49.38,1077600.0
1999-10-21,48.5,49.0,48.25,48.88,505300.0
1999-10-22,49.0,49.5,48.88,49.06,534000.0
1999-10-25,49.31,49.31,48.5,48.88,405300.0
1999-10-26,48.75,50.25,48.75,49.44,1571800.0
1999-10-27,49.44,49.5,48.44,49.31,1854000.0
1999-10-28,49.75,52.12,49.75,51.12,855400.0
1999-10-29,51.31,53.19,51.31,53.06,643400.0
1999-11-01,52.88,53.19,52.5,52.94,374500.0
1999-11-02,53.62,55.88,53.38,54.0,870500.0
1999-11-03,53.19,53.88,51.31,51.94,1178700.0
1999-11-04,51.94,51.94,48.25,51.0,791000.0
1999-11-05,51.25,51.94,49.0,49.56,491500.0
1999-11-08,49.38,49.62,48.56,49.31,612600.0
1999-11-09,49.44,50.81,49.44,50.69,428800.0
1999-11-10,50.62,53.0,50.62,52.0,295400.0
1999-11-11,52.25,53.75,52.12,52.75,470300.0
1999-11-12,52.62,52.62,50.88,51.69,134900.0
1999-11-15,51.44,53.06,51.44,53.06,197900.0
1999-11-16,54.5,56.44,54.12,56.44,546300.0
1999-11-17,56.5,58.88,55.5,55.81,479500.0
1999-11-18,55.88,55.94,54.38,54.75,251400.0
1999-11-19,54.88,54.94,54.25,54.25,143400.0
1999-11-22,54.5,54.81,52.81,53.0,307000.0
1999-11-23,52.75,52.75,51.0,51.38,292800.0
1999-11-24,50.12,50.94,49.5,50.5,248200.0
1999-11-26,50.81,51.0,50.62,50.94,74500.0
1999-11-29,50.94,51.0,49.62,49.88,202200.0
1999-11-30,49.62,50.31,49.38,49.38,282100.0
1999-12-01,49.25,50.56,48.5,48.5,290200.0
1999-12-02,49.0,52.44,49.0,51.81,483500.0
1999-12-03,51.38,53.19,51.38,52.5,226400.0
1999-12-06,52.38,52.75,51.88,52.0,99800.0
1999-12-07,53.0,54.0,52.5,52.62,233400.0
1999-12-08,52.75,53.12,45.5,47.62,2345100.0
1999-12-09,48.0,48.88,46.81,48.38,1404000.0
1999-12-10,48.12,49.75,47.31,49.75,420400.0
1999-12-13,49.12,49.12,47.75,48.25,450200.0
1999-12-14,49.0,49.88,48.56,49.31,402500.0
1999-12-15,50.25,50.25,47.25,48.62,1047000.0
1999-12-16,48.25,48.38,46.0,46.44,1603800.0
1999-12-17,46.19,46.94,45.56,46.75,1267800.0
1999-12-20,46.5,46.75,46.25,46.38,475900.0
1999-12-21,46.38,46.5,46.0,46.12,412600.0
1999-12-22,46.31,47.0,46.25,47.0,428300.0
1999-12-23,47.12,48.0,47.12,47.5,168500.0
1999-12-27,47.25,47.5,46.38,46.44,214600.0
1999-12-28,46.31,46.44,45.88,46.19,325800.0
1999-12-29,45.94,45.94,45.31,45.44,261800.0
1999-12-30,45.69,47.81,45.44,47.81,294900.0
1999-12-31,47.5,49.62,47.38,49.31,122300.0
2000-01-03,49.06,49.19,45.38,46.38,592200.0
2000-01-04,46.38,46.38,44.81,44.81,330200.0
2000-01-05,45.06,47.62,44.5,47.56,525300.0
2000-01-06,47.31,49.12,46.94,48.5,511100.0
2000-01-07,48.25,49.5,48.0,49.25,421900.0
2000-01-10,49.5,52.44,49.25,51.94,528500.0
2000-01-11,54.5,54.5,51.31,52.12,516000.0
2000-01-12,52.25,52.88,51.88,52.31,265900.0
2000-01-13,52.56,53.69,51.75,53.62,208400.0
2000-01-14,53.88,56.38,53.25,55.69,876500.0
2000-01-18,55.0,55.44,54.75,55.19,579200.0
2000-01-19,54.5,55.75,54.5,55.44,281100.0
2000-01-20,55.38,55.88,54.56,54.75,268300.0
2000-01-21,55.0,55.12,53.12,53.75,528300.0
2000-01-24,54.12,54.12,51.38,52.25,571900.0
2000-01-25,51.5,53.31,50.75,52.44,1942200.0
2000-01-26,52.69,55.19,52.25,55.0,1744500.0
2000-01-27,55.0,55.0,53.69,53.75,772500.0
2000-01-28,54.0,54.0,50.75,51.38,930400.0
2000-01-31,50.94,50.94,46.0,49.44,1349300.0
2000-02-01,49.5,49.5,47.0,47.38,829200.0
2000-02-02,47.5,48.44,46.75,46.94,656100.0
2000-02-03,47.19,48.5,47.19,48.19,379200.0
2000-02-04,48.25,48.62,47.38,47.69,167900.0
2000-02-07,47.69,47.69,44.38,44.69,553200.0
2000-02-08,45.19,45.62,43.75,45.0,949300.0
2000-02-09,45.12,45.94,44.88,45.0,479800.0
2000-02-10,45.12,45.56,44.5,45.0,262000.0
2000-02-11,45.12,45.12,41.5,41.75,680500.0
2000-02-14,41.88,41.88,35.56,36.5,2773600.0
2000-02-15,37.0,37.75,35.62,37.44,3512600.0
2000-02-16,37.75,39.0,36.88,37.25,1290000.0
2000-02-17,37.62,39.12,37.5,37.69,808600.0
2000-02-18,37.94,37.94,36.31,36.5,407000.0
2000-02-22,37.0,37.62,36.56,37.06,350600.0
2000-02-23,37.12,37.38,36.56,36.69,267000.0
2000-02-24,36.25,36.25,34.06,34.5,303400.0
2000-02-25,34.94,35.31,33.19,33.94,683200.0
2000-02-28,34.0,34.38,33.12,33.94,1376400.0
2000-02-29,35.38,36.62,34.69,35.38,2141500.0
2000-03-01,34.75,34.75,28.62,29.38,4187500.0
2000-03-02,28.75,28.94,26.12,28.38,3086100.0
2000-03-03,28.88,29.88,27.69,29.0,3509500.0
2000-03-06,29.25,29.88,28.62,29.0,1504300.0
2000-03-07,28.75,28.88,27.5,27.75,690200.0
2000-03-08,27.5,27.5,26.5,26.8,812500.0
2000-03-09,27.5,27.94,27.0,27.5,686500.0
2000-03-10,27.75,27.75,26.69,26.88,251700.0
2000-03-13,26.62,26.75,26.06,26.12,398300.0
2000-03-14,26.75,26.88,25.75,26.0,742800.0
2000-03-15,26.0,27.0,25.31,27.0,2120300.0
2000-03-16,28.0,33.0,27.94,31.5,2289300.0
2000-03-17,31.5,31.5,26.0,28.69,1509700.0
2000-03-20,28.75,30.19,27.88,28.38,764600.0
2000-03-21,28.69,30.0,28.38,30.0,555900.0
2000-03-22,29.19,30.19,29.19,29.88,496500.0
2000-03-23,30.0,30.94,30.0,30.56,907700.0
2000-03-24,30.75,31.19,30.75,30.75,754400.0
2000-03-27,31.19,31.19,30.06,30.94,557000.0
2000-03-28,30.12,31.12,30.12,30.75,465200.0
2000-03-29,30.62,30.62,29.75,30.0,322200.0
2000-03-30,30.0,30.19,29.06,29.5,325200.0
2000-03-31,29.75,29.75,28.0,28.0,599800.0
2000-04-03,28.19,28.31,26.38,26.5,691200.0
2000-04-04,27.12,27.38,25.56,26.44,657800.0
2000-04-05,26.44,26.56,25.56,26.0,836800.0
2000-04-06,26.5,26.62,25.88,26.06,801600.0
2000-04-07,26.31,26.56,25.88,26.06,1130600.0
2000-04-10,26.06,26.38,25.38,25.88,1019200.0
2000-04-11,26.0,26.0,24.88,25.0,477000.0
2000-04-12,25.12,25.31,24.56,24.75,346000.0
2000-04-13,25.0,25.5,24.75,25.06,495200.0
2000-04-14,23.62,24.31,22.94,23.0,466700.0
2000-04-17,23.44,24.0,23.0,23.75,335900.0
2000-04-18,23.5,23.75,22.5,23.75,1006100.0
2000-04-19,24.5,24.69,23.88,24.5,302700.0
2000-04-20,24.25,25.19,24.25,24.5,647900.0
2000-04-24,24.62,24.62,22.5,22.56,1161800.0
2000-04-25,22.62,22.75,21.31,21.94,1724600.0
2000-04-26,21.94,22.06,21.12,21.44,1044300.0
2000-04-27,21.38,21.44,19.81,21.0,1473100.0
2000-04-28,21.12,21.56,20.75,20.81,901700.0
2000-05-01,21.5,21.62,20.5,21.0,1033400.0
2000-05-02,20.88,21.75,20.81,21.44,999400.0
2000-05-03,22.0,24.0,22.0,22.94,1667200.0
2000-05-04,23.38,24.44,23.38,23.94,840500.0
2000-05-05,23.12,23.56,22.44,23.06,328200.0
2000-05-08,23.06,23.19,22.69,23.0,275100.0
2000-05-09,23.25,23.69,22.06,22.69,599800.0
2000-05-10,22.75,22.88,22.19,22.44,211700.0
2000-05-11,22.69,22.75,22.38,22.5,271700.0
2000-05-12,22.25,23.19,22.25,23.0,596600.0
2000-05-15,23.25,23.75,23.0,23.5,362800.0
2000-05-16,24.25,24.94,23.88,24.38,457000.0
2000-05-17,24.31,24.31,23.44,23.75,227700.0
2000-05-18,23.25,25.19,23.25,24.38,885100.0
2000-05-19,24.25,24.69,23.94,24.0,597100.0
2000-05-22,24.12,24.12,23.12,23.25,207000.0
2000-05-23,23.38,23.5,22.81,22.88,168100.0
2000-05-24,22.88,23.06,22.12,22.88,679800.0
2000-05-25,22.94,23.25,22.69,22.88,424200.0
2000-05-26,23.06,23.5,23.0,23.25,369300.0
2000-05-30,23.88,25.0,23.5,24.75,1025300.0
2000-05-31,24.38,25.0,24.06,24.62,492400.0
2000-06-01,24.88,24.88,23.12,23.62,536400.0
2000-06-02,24.31,24.5,23.62,24.19,606900.0
2000-06-05,23.62,24.12,23.38,23.5,272000.0
2000-06-06,23.62,24.12,22.62,22.88,403700.0
2000-06-07,23.12,23.12,22.25,22.94,409500.0
2000-06-08,23.38,23.62,22.94,22.94,245400.0
2000-06-09,23.12,23.12,22.44,22.75,344000.0
2000-06-12,22.69,22.75,21.81,22.12,418000.0
2000-06-13,22.38,22.38,20.62,21.0,1127200.0
2000-06-14,21.38,21.69,20.5,21.0,803000.0
2000-06-15,21.31,21.56,21.06,21.38,392000.0
2000-06-16,21.44,21.62,20.94,21.06,425400.0
2000-06-19,20.81,21.19,20.62,21.06,517600.0
2000-06-20,19.75,20.69,18.44,18.56,2218500.0
2000-06-21,18.25,19.06,16.12,17.94,3186600.0
2000-06-22,18.38,18.38,17.56,17.69,1551600.0
2000-06-23,17.69,18.0,17.12,17.25,933900.0
2000-06-26,17.31,17.88,17.25,17.62,798000.0
2000-06-27,18.25,18.88,18.06,18.88,1583100.0
2000-06-28,19.0,19.12,18.5,18.88,1374700.0
2000-06-29,18.56,19.25,18.56,18.88,533100.0
2000-06-30,19.0,19.19,18.06,18.5,1044500.0
2000-07-03,18.62,19.06,18.62,19.06,160300.0
2000-07-05,19.38,19.81,19.38,19.5,336300.0
2000-07-06,19.81,20.25,19.5,20.12,266000.0
2000-07-07,20.38,20.44,20.0,20.25,435000.0
2000-07-10,20.06,20.12,19.75,19.94,241400.0
2000-07-11,19.75,19.94,19.5,19.81,248600.0
2000-07-12,20.0,20.69,19.81,20.5,558800.0
2000-07-13,20.62,20.75,19.25,19.94,714900.0
2000-07-14,19.75,20.0,19.5,19.88,364000.0
2000-07-17,19.75,19.75,19.19,19.31,187600.0
2000-07-18,19.19,19.44,19.12,19.25,252300.0
2000-07-19,19.19,19.19,18.81,19.12,235900.0
2000-07-20,19.19,19.25,18.56,19.25,213100.0
2000-07-21,19.12,19.5,19.0,19.44,404000.0
2000-07-24,19.5,19.69,19.06,19.12,429900.0
2000-07-25,19.75,20.0,19.56,19.94,630200.0
2000-07-26,19.94,20.31,19.62,20.06,744000.0
2000-07-27,19.94,20.12,19.62,20.12,151500.0
2000-07-28,20.0,20.0,19.62,19.62,891600.0
2000-07-31,19.81,20.0,19.69,19.88,299100.0
2000-08-01,19.81,20.06,19.75,20.0,255600.0
2000-08-02,19.75,20.0,19.5,19.62,172700.0
2000-08-03,19.31,19.62,19.19,19.56,170700.0
2000-08-04,19.69,20.25,19.56,20.25,378000.0
2000-08-07,20.25,20.38,19.94,20.06,598000.0
2000-08-08,20.19,21.25,20.12,21.19,579500.0
2000-08-09,21.94,22.44,21.75,22.38,780900.0
2000-08-10,22.81,24.12,22.81,24.0,960800.0
2000-08-11,24.25,25.25,24.25,25.06,762000.0
2000-08-14,25.31,25.94,24.62,25.56,897300.0
2000-08-15,25.5,25.5,24.75,25.25,472900.0
2000-08-16,25.25,25.38,24.5,24.81,350400.0
2000-08-17,24.81,24.81,24.31,24.31,454600.0
2000-08-18,24.62,24.81,24.19,24.56,519100.0
2000-08-21,24.12,25.31,23.62,25.19,460700.0
2000-08-22,25.06,25.5,24.88,25.19,322800.0
2000-08-23,25.19,25.19,24.62,24.88,225200.0
2000-08-24,24.75,24.88,23.81,24.0,450700.0
2000-08-25,24.0,24.0,23.06,23.31,649900.0
2000-08-28,23.31,23.44,23.0,23.44,279900.0
2000-08-29,23.25,23.31,23.0,23.31,193200.0
2000-08-30,22.94,23.0,22.0,22.19,887200.0
2000-08-31,21.94,22.88,21.62,22.88,670700.0
2000-09-01,22.81,23.06,22.81,22.94,181700.0
2000-09-05,22.56,22.94,22.12,22.75,296300.0
2000-09-06,22.69,23.88,22.69,23.44,276000.0
2000-09-07,23.44,23.44,22.31,22.56,202300.0
2000-09-08,22.81,22.81,22.31,22.69,164200.0
2000-09-11,22.44,23.19,22.25,22.62,244300.0
2000-09-12,22.62,22.75,22.5,22.56,93200.0
2000-09-13,22.44,22.62,22.31,22.5,85500.0
2000-09-14,22.38,23.25,22.38,22.75,296800.0
2000-09-15,23.0,24.94,22.88,24.5,1380000.0
2000-09-18,24.0,24.25,23.19,23.94,830300.0
2000-09-19,23.88,23.88,22.75,23.0,462100.0
2000-09-20,22.94,22.94,22.38,22.75,278100.0
2000-09-21,22.75,25.5,22.75,25.19,1492100.0
2000-09-22,24.5,25.75,24.12,25.0,809300.0
2000-09-25,25.25,25.47,24.3,24.4,353500.0
2000-09-26,24.4,24.63,24.1,24.12,186400.0
2000-09-27,24.13,24.49,24.02,24.15,228200.0
2000-09-28,24.05,25.65,24.0,25.16,438400.0
2000-09-29,24.95,25.75,24.81,25.74,388600.0
2000-10-02,25.73,25.73,25.1,25.24,130600.0
2000-10-03,25.1,25.75,24.95,25.74,223800.0
2000-10-04,25.54,25.6,25.18,25.5,259700.0
2000-10-05,25.5,26.3,25.48,25.75,277900.0
2000-10-06,26.15,26.89,26.0,26.27,283900.0
2000-10-09,26.11,26.13,25.51,26.06,212700.0
2000-10-10,26.06,26.06,25.06,25.31,318400.0
2000-10-11,24.85,24.85,23.94,24.79,608000.0
2000-10-12,24.25,24.26,22.3,23.35,985500.0
2000-10-13,23.1,23.76,22.87,23.51,386500.0
2000-10-16,21.75,22.42,21.4,22.07,932700.0
2000-10-17,22.6,22.75,20.55,21.35,1407300.0
2000-10-18,21.5,21.95,20.75,21.9,911600.0
2000-10-19,22.5,22.98,21.92,22.0,907800.0
2000-10-20,22.01,22.01,21.05,21.15,713900.0
2000-10-23,21.3,21.38,21.0,21.15,446500.0
2000-10-24,21.2,21.75,20.9,21.0,1436800.0
2000-10-25,20.9,20.96,20.45,20.46,438000.0
2000-10-26,20.46,20.7,19.82,20.26,810000.0
2000-10-27,20.35,20.55,20.0,20.05,740700.0
2000-10-30,20.2,20.65,20.18,20.6,531600.0
2000-10-31,21.25,22.5,21.21,22.5,1487100.0
2000-11-01,22.2,22.2,21.31,21.48,476300.0
2000-11-02,21.7,22.3,21.62,22.2,297800.0
2000-11-03,22.25,22.4,21.85,22.0,462500.0
2000-11-06,22.05,22.2,21.9,21.99,389600.0
2000-11-07,22.0,22.25,22.0,22.2,195600.0
2000-11-08,22.2,22.5,22.05,22.06,384200.0
2000-11-09,22.06,22.06,20.9,21.51,894900.0
2000-11-10,21.3,21.3,20.31,20.49,781100.0
2000-11-13,20.25,20.8,19.82,20.54,258600.0
2000-11-14,20.6,21.49,20.6,21.0,845300.0
2000-11-15,20.88,20.88,20.2,20.38,242500.0
2000-11-16,20.25,20.39,20.02,20.29,94700.0
2000-11-17,20.25,20.25,18.25,19.42,952800.0
2000-11-20,19.0,19.0,18.15,19.0,695800.0
2000-11-21,18.8,19.16,18.55,18.97,847100.0
2000-11-22,18.75,19.0,18.38,18.8,322500.0
2000-11-24,19.15,19.3,18.84,19.25,190900.0
2000-11-27,19.5,19.96,19.4,19.95,304800.0
2000-11-28,19.95,20.01,19.3,19.9,314900.0
2000-11-29,19.9,21.0,19.85,20.61,820600.0
2000-11-30,20.2,20.2,19.3,19.82,263900.0
2000-12-01,19.82,20.45,19.81,20.35,202000.0
2000-12-04,20.0,21.0,19.6,20.5,531200.0
2000-12-05,20.35,21.25,20.2,20.89,489200.0
2000-12-06,21.3,22.38,21.1,21.65,623100.0
2000-12-07,21.64,22.27,21.6,22.21,894100.0
2000-12-08,22.95,24.74,22.95,24.7,966400.0
2000-12-11,23.75,24.25,23.4,23.99,473500.0
2000-12-12,23.74,23.75,23.1,23.27,299200.0
2000-12-13,23.27,23.96,23.27,23.52,205600.0
2000-12-14,23.0,23.35,22.67,22.85,328700.0
2000-12-15,22.73,22.75,21.92,22.75,243800.0
2000-12-18,22.6,23.24,22.39,22.8,267100.0
2000-12-19,22.55,23.5,22.51,22.62,367400.0
2000-12-20,21.7,22.0,20.83,21.46,421400.0
2000-12-21,21.45,22.19,21.05,21.8,410100.0
2000-12-22,22.0,24.25,22.0,23.95,721200.0
2000-12-26,23.7,23.87,23.0,23.02,203300.0
2000-12-27,22.77,24.2,22.77,23.65,350800.0
2000-12-28,23.65,27.8,23.65,27.19,1903600.0
2000-12-29,26.75,26.92,25.9,26.45,728900.0
2001-01-02,26.13,26.13,25.12,25.19,547100.0
2001-01-03,23.6,26.0,23.14,25.65,1424900.0
2001-01-04,25.1,25.9,24.5,25.55,984100.0
2001-01-05,25.52,26.1,25.45,25.55,756500.0
2001-01-08,25.69,26.0,25.06,25.31,198900.0
2001-01-09,25.34,25.5,24.75,25.37,188900.0
2001-01-10,25.5,25.85,25.0,25.45,226300.0
2001-01-11,25.64,26.4,25.0,26.26,296300.0
2001-01-12,26.19,26.19,25.55,25.81,171100.0
2001-01-16,25.0,25.8,24.8,25.7,1136200.0
2001-01-17,26.3,27.6,26.3,27.5,1992500.0
2001-01-18,27.5,28.88,27.48,28.15,2045400.0
2001-01-19,28.15,28.4,27.65,28.0,1349800.0
2001-01-22,27.8,28.49,27.38,28.39,783500.0
2001-01-23,28.63,29.22,28.35,28.94,796700.0
2001-01-24,28.75,28.95,28.15,28.59,661100.0
2001-01-25,26.6,28.33,26.12,27.0,3281200.0
2001-01-26,27.0,27.5,26.38,26.55,2761400.0
2001-01-29,26.0,26.2,25.02,25.65,4673600.0
2001-01-30,25.95,26.0,25.02,25.7,3217100.0
2001-01-31,25.9,26.7,25.75,26.18,2614400.0
2001-02-01,26.43,26.45,25.84,26.25,1364700.0
2001-02-02,26.0,26.01,25.3,25.8,1379700.0
2001-02-05,25.8,27.2,25.45,27.04,1924600.0
2001-02-06,27.35,28.15,27.35,27.52,1838900.0
2001-02-07,27.49,28.95,27.21,28.8,2853000.0
2001-02-08,29.0,30.0,28.4,29.12,2826400.0
2001-02-09,29.48,30.25,29.0,30.0,2459700.0
2001-02-12,29.85,30.24,29.24,29.6,1489000.0
2001-02-13,29.75,29.75,28.85,28.94,1496700.0
2001-02-14,29.0,29.19,28.0,29.0,1596500.0
2001-02-15,28.5,28.89,28.25,28.75,1013000.0
2001-02-16,28.65,29.2,28.35,28.61,416300.0
2001-02-20,28.6,29.58,28.45,28.64,798500.0
2001-02-21,28.64,29.24,28.51,28.55,799400.0
2001-02-22,28.75,29.1,28.6,28.7,883500.0
2001-02-23,28.45,28.5,26.95,27.74,1074500.0
2001-02-26,28.1,28.3,26.9,27.6,2567000.0
2001-02-27,27.57,28.5,27.35,28.08,1257400.0
2001-02-28,28.4,28.61,28.03,28.25,806000.0
2001-03-01,28.09,28.09,27.4,27.45,629800.0
2001-03-02,27.0,27.6,26.75,27.25,494300.0
2001-03-05,26.95,27.35,26.58,26.74,598500.0
2001-03-06,27.26,27.95,27.2,27.68,765000.0
2001-03-07,27.9,27.9,27.28,27.29,288900.0
2001-03-08,27.19,27.2,26.92,26.99,708000.0
2001-03-09,26.85,26.85,25.5,25.55,929300.0
2001-03-12,25.4,25.4,23.85,23.9,1947700.0
2001-03-13,24.1,24.52,23.91,24.45,1256700.0
2001-03-14,23.15,23.7,22.87,22.9,1582500.0
2001-03-15,22.91,23.5,22.65,23.5,2787000.0
2001-03-16,23.15,23.15,22.51,22.7,697400.0
2001-03-19,22.65,22.65,21.83,22.07,954100.0
2001-03-20,22.25,22.75,21.95,22.05,907200.0
2001-03-21,22.25,22.25,20.6,20.89,2226200.0
2001-03-22,20.7,20.9,19.87,20.56,874900.0
2001-03-23,20.9,21.58,20.6,21.18,769100.0
2001-03-26,21.43,22.19,21.4,21.9,908800.0
2001-03-27,22.0,22.5,21.81,22.48,711900.0
2001-03-28,22.15,22.2,21.9,22.13,536300.0
2001-03-29,22.37,23.0,22.22,22.6,719500.0
2001-03-30,22.85,23.11,22.63,23.05,438700.0
2001-04-02,22.9,23.09,22.26,22.55,710500.0
2001-04-03,22.3,22.3,20.85,20.85,797400.0
2001-04-04,20.99,21.75,20.76,21.2,755500.0
2001-04-05,21.7,22.66,21.7,22.05,629200.0
2001-04-06,21.9,22.0,21.31,21.4,466000.0
2001-04-09,21.65,22.2,21.49,22.19,457300.0
2001-04-10,21.94,22.45,21.7,22.15,505200.0
2001-04-11,22.0,22.06,21.5,21.7,275300.0
2001-04-12,21.5,21.67,20.9,21.5,764300.0
2001-04-16,21.75,21.75,20.95,21.0,364800.0
2001-04-17,20.5,20.5,19.5,20.1,2351300.0
2001-04-18,20.65,22.39,20.65,22.06,1953700.0
2001-04-19,22.0,22.2,21.06,21.6,1229600.0
2001-04-20,21.45,21.45,20.5,20.55,1400600.0
2001-04-23,20.7,20.95,20.56,20.9,208600.0
2001-04-24,20.9,21.0,20.31,20.41,568000.0
2001-04-25,19.8,20.2,19.45,20.1,1937300.0
2001-04-26,19.6,19.95,19.45,19.5,1658900.0
2001-04-27,19.5,19.9,19.35,19.8,1098600.0
2001-04-30,19.9,20.54,19.89,20.38,1231900.0
2001-05-01,20.13,20.75,20.13,20.5,457100.0
2001-05-02,20.4,21.1,20.25,20.76,917000.0
2001-05-03,20.87,21.24,20.63,21.04,1148900.0
2001-05-04,21.0,21.53,20.9,21.04,759200.0
2001-05-07,21.04,21.43,21.0,21.06,218200.0
2001-05-08,21.06,21.2,20.99,21.12,300100.0
2001-05-09,20.9,21.34,20.8,20.86,395400.0
2001-05-10,21.0,21.35,21.0,21.07,505000.0
2001-05-11,21.1,21.34,21.01,21.15,162800.0
2001-05-14,20.2,20.21,19.3,19.5,6026300.0
2001-05-15,19.9,20.1,19.78,19.99,3245700.0
2001-05-16,20.0,20.99,19.98,20.99,2059700.0
2001-05-17,21.0,21.5,20.9,21.32,1649800.0
2001-05-18,21.25,21.45,21.0,21.2,545800.0
2001-05-21,21.45,22.3,21.25,22.15,1885300.0
2001-05-22,22.3,22.45,21.85,21.9,788200.0
2001-05-23,21.9,21.9,21.56,21.65,302900.0
2001-05-24,21.9,22.09,21.8,22.01,278500.0
2001-05-25,22.1,22.1,21.11,21.35,306100.0
2001-05-29,21.35,21.75,21.15,21.35,738800.0
2001-05-30,21.4,21.64,21.35,21.5,888700.0
2001-05-31,21.55,21.64,21.36,21.48,998100.0
2001-06-01,21.4,21.45,21.15,21.26,667700.0
2001-06-04,20.85,21.36,20.85,21.34,564000.0
2001-06-05,21.25,21.6,21.01,21.59,1258800.0
2001-06-06,21.15,21.15,20.42,20.78,803200.0
2001-06-07,20.8,21.05,20.7,20.9,329300.0
2001-06-08,21.0,21.2,20.87,20.94,323200.0
2001-06-11,20.48,20.57,20.25,20.31,579600.0
2001-06-12,19.95,19.95,19.25,19.6,1403000.0
2001-06-13,19.7,19.75,19.43,19.6,396000.0
2001-06-14,19.4,19.6,19.2,19.25,586700.0
2001-06-15,19.3,19.69,19.1,19.4,504100.0
2001-06-18,19.3,19.45,19.0,19.15,473600.0
2001-06-19,19.15,19.15,18.8,19.0,1096300.0
2001-06-20,18.85,19.19,18.65,18.79,691700.0
2001-06-21,19.5,20.5,19.45,20.22,1953300.0
2001-06-22,20.4,21.09,20.23,20.85,1986000.0
2001-06-25,20.8,20.8,20.45,20.48,854100.0
2001-06-26,20.45,20.8,20.4,20.7,549200.0
2001-06-27,20.85,21.29,20.8,21.11,830700.0
2001-06-28,21.2,21.64,21.15,21.5,1044900.0
2001-06-29,21.25,22.19,21.15,22.11,1474400.0
2001-07-02,22.03,22.1,21.75,21.95,1145700.0
2001-07-03,21.89,21.9,21.58,21.7,372500.0
2001-07-05,21.65,21.88,21.52,21.59,150800.0
2001-07-06,21.5,21.59,21.3,21.39,475600.0
2001-07-09,21.4,21.4,21.2,21.35,532000.0
2001-07-10,21.35,21.5,21.02,21.2,564500.0
2001-07-11,21.2,21.2,20.85,21.04,384900.0
2001-07-12,20.99,20.99,20.3,20.47,1336000.0
2001-07-13,20.5,20.53,20.0,20.24,1523400.0
2001-07-16,20.29,20.49,20.15,20.33,461300.0
2001-07-17,20.5,20.7,20.3,20.65,2019800.0
2001-07-18,20.45,20.65,20.3,20.49,1026300.0
2001-07-19,20.55,20.85,20.45,20.48,709000.0
2001-07-20,20.49,20.55,19.9,20.0,636600.0
2001-07-23,20.0,20.0,19.7,19.76,664500.0
2001-07-24,19.75,19.76,19.28,19.38,812500.0
2001-07-25,20.85,22.0,20.59,21.7,3821800.0
2001-07-26,21.8,23.9,21.75,23.8,5680200.0
2001-07-27,23.9,24.1,23.2,23.25,1736600.0
2001-07-30,23.4,24.23,23.12,23.91,1385600.0
2001-07-31,23.91,24.29,23.63,23.63,1083700.0
2001-08-01,23.64,23.8,22.97,23.1,1150700.0
2001-08-02,23.4,24.1,23.38,23.85,1109700.0
2001-08-03,23.95,24.35,23.8,24.15,703500.0
2001-08-06,24.0,24.05,23.52,23.65,376800.0
2001-08-07,23.65,23.95,23.51,23.75,372300.0
2001-08-08,23.75,23.9,23.4,23.4,465900.0
2001-08-09,23.4,23.4,23.0,23.2,436600.0
2001-08-10,23.15,23.44,22.96,23.33,550500.0
2001-08-13,23.5,23.6,23.05,23.06,463800.0
2001-08-14,23.25,23.27,22.8,22.85,480400.0
2001-08-15,22.95,23.3,22.84,23.15,264900.0
2001-08-16,23.37,23.7,23.37,23.5,846300.0
2001-08-17,23.46,23.46,23.01,23.29,466700.0
2001-08-20,23.25,23.25,22.73,22.97,248100.0
2001-08-21,23.0,23.43,23.0,23.19,1223700.0
2001-08-22,23.35,23.4,23.18,23.3,719000.0
2001-08-23,23.38,23.83,23.3,23.8,494100.0
2001-08-24,23.85,24.5,23.85,24.49,965900.0
2001-08-27,24.4,24.88,24.33,24.51,700600.0
2001-08-28,24.65,24.7,23.95,24.01,1315800.0
2001-08-29,24.05,24.25,23.7,23.78,431000.0
2001-08-30,23.78,23.78,22.9,23.25,1232900.0
2001-08-31,23.25,23.39,22.95,23.34,674500.0
2001-09-04,23.33,23.55,22.98,23.5,670400.0
2001-09-05,23.5,24.04,23.5,23.77,937600.0
2001-09-06,23.75,23.8,23.25,23.5,1391600.0
2001-09-07,23.25,23.25,21.87,21.95,2374200.0
2001-09-10,21.85,21.85,21.0,21.31,2068800.0
2001-09-17,14.9,14.91,12.75,12.76,8074000.0
2001-09-18,12.75,13.2,11.8,11.81,4638800.0
2001-09-19,11.99,11.99,10.0,11.16,5819200.0
2001-09-20,10.35,10.35,9.05,9.05,4333700.0
2001-09-21,8.84,8.84,7.75,8.67,5371900.0
2001-09-24,9.28,9.65,9.05,9.1,4446500.0
2001-09-25,9.38,9.85,9.1,9.6,4471700.0
2001-09-26,10.4,10.75,10.0,10.18,4766300.0
2001-09-27,10.45,10.55,9.93,10.1,3650100.0
2001-09-28,10.45,10.8,10.3,10.73,2490000.0
2001-10-01,10.93,10.95,10.31,10.31,2308000.0
2001-10-02,10.3,10.58,10.11,10.47,2201600.0
2001-10-03,11.01,11.01,9.95,10.7,3111400.0
2001-10-04,11.2,11.2,10.73,10.87,1507900.0
2001-10-05,10.8,10.8,10.25,10.48,3306900.0
2001-10-08,10.29,10.29,9.76,10.02,1340200.0
2001-10-09,10.01,10.01,9.31,9.48,4274300.0
2001-10-10,9.47,9.95,9.16,9.95,1692200.0
2001-10-11,9.95,10.6,9.93,10.34,2613500.0
2001-10-12,10.2,10.3,9.5,10.05,2390400.0
2001-10-15,9.75,9.75,9.35,9.59,1735200.0
2001-10-16,9.65,9.75,9.35,9.47,1611800.0
2001-10-17,9.67,9.73,9.0,9.1,1980200.0
2001-10-18,8.95,9.0,8.6,8.8,2766400.0
2001-10-19,8.85,9.09,8.44,9.01,1509800.0
2001-10-22,8.85,8.89,8.56,8.68,1271300.0
2001-10-23,8.75,8.94,8.32,8.45,1776400.0
2001-10-24,8.99,8.99,8.45,8.8,2610600.0
2001-10-25,8.7,8.75,8.45,8.7,1654200.0
2001-10-26,8.7,9.4,8.66,9.11,1376000.0
2001-10-29,9.32,9.47,9.11,9.15,1655000.0
2001-10-30,10.95,10.95,10.1,10.43,4606800.0
2001-10-31,11.0,11.25,10.66,11.0,2731700.0
2001-11-01,11.03,11.22,10.66,11.01,2680900.0
2001-11-02,10.99,11.65,10.81,11.41,2056800.0
2001-11-05,12.0,12.7,12.0,12.65,1593100.0
2001-11-06,12.65,12.75,11.95,12.51,1995900.0
2001-11-07,12.7,12.7,12.0,12.4,1245400.0
2001-11-08,12.56,12.98,12.48,12.73,1141900.0
2001-11-09,12.78,12.85,12.6,12.83,1084700.0
2001-11-12,12.68,12.68,10.9,11.91,3904800.0
2001-11-13,12.3,12.98,12.25,12.75,1591800.0
2001-11-14,13.7,13.8,12.9,13.32,2327200.0
2001-11-15,13.62,15.1,13.52,15.05,4439600.0
2001-11-16,15.4,15.8,14.75,14.8,2768000.0
2001-11-19,15.0,15.52,14.81,15.01,1855100.0
2001-11-20,17.25,17.6,15.75,16.1,9140400.0
2001-11-21,16.0,16.0,14.85,15.3,2651900.0
2001-11-23,15.35,15.35,14.79,15.35,358800.0
2001-11-26,15.55,15.85,15.39,15.6,1478500.0
2001-11-27,15.6,15.78,15.28,15.62,1193100.0
2001-11-28,15.65,15.65,15.07,15.4,1438300.0
2001-11-29,15.48,15.51,15.16,15.4,786500.0
2001-11-30,15.4,15.7,15.31,15.51,1582200.0
2001-12-03,15.5,15.5,15.16,15.38,455600.0
2001-12-04,15.73,15.75,15.45,15.74,537600.0
2001-12-05,16.2,16.8,16.2,16.78,939000.0
2001-12-06,16.65,16.65,16.3,16.6,646200.0
2001-12-07,16.58,16.58,16.18,16.37,261500.0
2001-12-10,16.18,16.48,16.0,16.32,477900.0
2001-12-11,16.51,16.76,16.3,16.43,881400.0
2001-12-12,16.43,16.55,16.26,16.4,710300.0
2001-12-13,16.1,16.15,15.81,15.98,530700.0
2001-12-14,16.1,16.4,16.1,16.33,672700.0
2001-12-17,14.7,15.37,14.32,14.42,2254300.0
2001-12-18,14.32,14.55,13.95,14.25,1924400.0
2001-12-19,13.8,14.09,13.46,13.73,1794900.0
2001-12-20,14.6,14.9,14.39,14.78,2023800.0
2001-12-21,14.68,15.09,14.55,14.85,560200.0
2001-12-24,14.86,15.1,14.86,14.92,168200.0
2001-12-26,15.02,15.48,15.0,15.33,345500.0
2001-12-27,15.5,16.0,15.39,16.0,732200.0
2001-12-28,15.88,16.64,15.72,16.61,468300.0
2001-12-31,16.36,16.5,15.95,16.2,670900.0
2002-01-02,16.4,16.42,16.03,16.35,461300.0
2002-01-03,16.8,16.8,16.48,16.78,1139600.0
2002-01-04,18.38,18.38,16.9,18.28,2544500.0
2002-01-07,17.93,18.1,17.25,17.95,1915500.0
2002-01-08,17.58,17.87,16.75,16.99,2442100.0
2002-01-09,17.0,17.09,16.63,16.82,1299400.0
2002-01-10,16.55,17.11,16.5,17.03,654800.0
2002-01-11,17.07,17.25,17.0,17.22,707600.0
2002-01-14,17.2,17.5,17.17,17.48,881000.0
2002-01-15,17.49,17.74,17.26,17.34,933300.0
2002-01-16,17.36,17.36,16.72,16.75,764200.0
2002-01-17,16.95,17.1,16.1,16.19,1685100.0
2002-01-18,16.4,17.08,16.25,17.08,1135700.0
2002-01-22,17.31,17.48,16.7,16.7,1476700.0
2002-01-23,17.1,17.1,16.52,17.09,363300.0
2002-01-24,17.2,17.45,16.65,17.44,1080300.0
2002-01-25,17.3,18.09,17.12,18.02,2709900.0
2002-01-28,18.04,19.0,18.0,18.85,2729300.0
2002-01-29,18.98,19.51,18.3,18.7,4042900.0
2002-01-30,18.78,18.78,17.81,18.19,2505000.0
2002-01-31,18.1,18.25,17.97,18.06,1028800.0
2002-02-01,18.32,18.32,18.1,18.18,719500.0
2002-02-04,17.99,17.99,17.51,17.53,869300.0
2002-02-05,17.5,17.78,17.2,17.22,531900.0
2002-02-06,17.47,17.65,17.2,17.5,615600.0
2002-02-07,17.42,17.7,17.3,17.3,588300.0
2002-02-08,17.35,17.4,16.8,17.25,1593000.0
2002-02-11,17.35,17.45,17.15,17.29,625400.0
2002-02-12,17.17,17.38,17.1,17.14,647700.0
2002-02-13,17.52,18.44,17.51,18.23,1240900.0
2002-02-14,17.77,18.15,17.25,17.3,544100.0
2002-02-15,17.3,17.3,16.46,16.51,1552600.0
2002-02-19,16.66,16.8,16.32,16.32,1101200.0
2002-02-20,16.9,16.9,16.55,16.7,727500.0
2002-02-21,16.75,16.9,16.35,16.54,468600.0
2002-02-22,16.55,16.8,16.26,16.8,423100.0
2002-02-25,16.76,17.1,16.75,17.07,654000.0
2002-02-26,17.1,17.54,17.1,17.41,412000.0
2002-02-27,17.73,17.99,17.55,17.65,323700.0
2002-02-28,18.0,18.63,18.0,18.48,877400.0
2002-03-01,18.32,19.0,18.25,18.89,681100.0
2002-03-04,18.85,20.38,18.73,20.37,2200400.0
2002-03-05,19.8,20.24,19.75,19.82,1055400.0
2002-03-06,19.7,20.4,19.63,20.16,870300.0
2002-03-07,20.62,20.8,20.3,20.4,525000.0
2002-03-08,21.25,22.06,21.0,22.06,2721400.0
2002-03-11,21.7,22.2,21.4,22.1,1238000.0
2002-03-12,21.95,21.95,21.27,21.35,1319700.0
2002-03-13,22.0,22.0,21.12,21.25,1012900.0
2002-03-14,21.48,21.48,20.85,21.0,1295400.0
2002-03-15,23.0,23.5,22.47,23.0,3683900.0
2002-03-18,23.35,23.65,23.28,23.45,1386200.0
2002-03-19,23.48,23.95,23.2,23.7,1671900.0
2002-03-20,23.38,23.51,22.75,23.07,1032400.0
2002-03-21,23.85,23.85,23.1,23.14,1063100.0
2002-03-22,23.14,23.14,22.25,22.33,1322500.0
2002-03-25,22.4,22.75,21.45,21.9,907300.0
2002-03-26,22.05,22.48,21.33,21.77,820700.0
2002-03-27,22.3,22.3,21.5,21.86,546300.0
2002-03-28,22.05,22.95,22.0,22.55,337100.0
2002-04-01,22.55,22.55,21.63,22.0,792300.0
2002-04-02,21.65,21.75,21.25,21.61,544600.0
2002-04-03,21.61,21.7,21.26,21.33,494900.0
2002-04-04,21.0,21.5,20.9,21.25,688000.0
2002-04-05,21.4,21.57,20.96,21.0,671600.0
2002-04-08,20.99,20.99,20.6,20.85,634200.0
2002-04-09,21.35,21.85,21.33,21.65,489800.0
2002-04-10,22.32,22.58,21.9,22.51,1598000.0
2002-04-11,22.32,22.75,22.16,22.33,520600.0
2002-04-12,22.35,22.48,21.87,22.03,402200.0
2002-04-15,22.09,22.2,21.7,21.7,285000.0
2002-04-16,21.85,22.42,21.85,22.38,438300.0
2002-04-17,22.39,22.5,22.17,22.37,470300.0
2002-04-18,22.26,22.45,20.9,22.15,763600.0
2002-04-19,22.41,22.7,22.25,22.4,585000.0
2002-04-22,22.15,22.35,21.77,22.06,341400.0
2002-04-23,22.0,22.15,21.85,22.02,324400.0
2002-04-24,22.6,23.11,22.39,22.75,1446700.0
2002-04-25,22.75,22.85,22.4,22.75,1212000.0
2002-04-26,22.98,23.14,22.82,22.9,640500.0
2002-04-29,22.91,23.19,22.9,23.12,439500.0
2002-04-30,23.1,23.7,22.93,23.59,631200.0
2002-05-01,23.68,24.38,23.27,24.13,1174000.0
2002-05-02,24.18,24.25,23.76,23.8,508300.0
2002-05-03,23.75,23.8,23.22,23.26,932200.0
2002-05-06,23.27,23.4,22.9,22.96,738900.0
2002-05-07,23.21,23.21,22.7,22.79,645200.0
2002-05-08,23.26,23.65,23.21,23.61,907900.0
2002-05-09,23.36,23.69,23.32,23.45,613400.0
2002-05-10,23.64,23.64,23.25,23.3,322300.0
2002-05-13,23.28,23.36,22.87,22.93,649300.0
2002-05-14,23.21,23.8,23.21,23.6,775900.0
2002-05-15,23.57,23.65,23.31,23.32,312600.0
2002-05-16,23.42,23.72,23.42,23.68,227600.0
2002-05-17,23.78,24.2,23.26,23.97,348400.0
2002-05-20,23.9,24.3,23.65,24.09,460300.0
2002-05-21,24.0,24.03,23.65,23.65,1257900.0
2002-05-22,23.5,23.51,22.34,23.2,1660700.0
2002-05-23,23.37,23.37,22.83,23.15,448100.0
2002-05-24,23.05,23.09,22.81,22.86,224800.0
2002-05-28,23.1,23.23,22.65,22.92,296600.0
2002-05-29,22.5,22.82,22.25,22.25,530500.0
2002-05-30,22.25,22.41,22.02,22.31,759300.0
2002-05-31,22.54,22.99,22.3,22.51,634600.0
2002-06-03,22.52,22.98,22.37,22.5,816000.0
2002-06-04,22.29,22.32,21.92,21.95,563600.0
2002-06-05,21.9,22.53,21.78,22.53,423500.0
2002-06-06,22.25,22.58,22.15,22.18,956900.0
2002-06-07,21.97,22.31,21.7,22.02,482300.0
2002-06-10,22.37,22.72,22.15,22.4,611100.0
2002-06-11,22.45,22.5,22.2,22.24,557300.0
2002-06-12,22.24,22.24,21.47,21.93,487400.0
2002-06-13,21.68,21.68,20.87,21.24,1069900.0
2002-06-14,21.05,21.05,20.5,20.51,670500.0
2002-06-17,21.0,21.43,20.98,21.3,534800.0
2002-06-18,21.3,22.45,21.3,22.02,464100.0
2002-06-19,21.95,22.05,21.5,21.75,333800.0
2002-06-20,21.5,21.65,21.2,21.44,1154800.0
2002-06-21,21.19,21.5,21.01,21.36,433300.0
2002-06-24,20.99,20.99,20.17,20.5,905700.0
2002-06-25,20.5,21.13,19.6,19.96,425300.0
2002-06-26,19.35,20.25,19.35,19.7,747000.0
2002-06-27,20.11,20.12,19.4,19.95,583500.0
2002-06-28,20.0,20.51,19.5,19.5,652100.0
2002-07-01,19.98,20.25,19.86,19.97,519800.0
2002-07-02,19.93,19.95,19.31,19.52,455500.0
2002-07-03,19.35,19.65,19.23,19.6,844100.0
2002-07-05,20.02,20.5,20.01,20.5,202300.0
2002-07-08,20.48,20.59,20.16,20.18,221500.0
2002-07-09,20.18,20.5,19.85,19.85,253500.0
2002-07-10,20.0,20.2,19.55,19.68,459300.0
2002-07-11,19.5,19.75,19.3,19.73,449900.0
2002-07-12,19.75,20.0,19.5,19.53,643900.0
2002-07-15,19.4,19.4,18.68,19.05,782900.0
2002-07-16,19.06,19.26,18.71,19.0,703800.0
2002-07-17,19.8,19.95,19.2,19.3,751500.0
2002-07-18,19.3,19.75,18.9,19.2,247100.0
2002-07-19,18.8,19.25,18.51,18.95,496500.0
2002-07-22,18.82,18.83,17.5,18.06,750300.0
2002-07-23,18.0,18.02,17.0,17.4,795500.0
2002-07-24,16.77,18.2,16.67,18.15,1049100.0
2002-07-25,18.7,19.15,17.99,18.81,2218200.0
2002-07-26,19.0,19.18,18.3,18.42,761500.0
2002-07-29,18.9,19.59,18.9,19.5,810500.0
2002-07-30,19.6,20.2,19.6,20.18,500400.0
2002-07-31,20.2,20.55,19.72,19.82,929500.0
2002-08-01,19.9,19.9,19.1,19.36,620300.0
2002-08-02,19.2,19.2,17.76,17.85,1107100.0
2002-08-05,17.78,17.78,17.2,17.42,1018700.0
2002-08-06,17.9,18.24,17.77,18.1,327800.0
2002-08-07,18.25,18.4,17.85,18.16,578100.0
2002-08-08,18.39,18.83,17.96,18.75,536800.0
2002-08-09,18.54,18.59,18.05,18.49,396500.0
2002-08-12,18.15,18.15,17.75,17.92,802600.0
2002-08-13,17.86,17.86,17.39,17.46,942600.0
2002-08-14,17.42,17.5,16.75,17.39,1014100.0
2002-08-15,17.68,18.57,17.68,18.45,1406700.0
2002-08-16,18.42,19.19,18.35,19.03,860800.0
2002-08-19,19.03,19.48,18.95,19.39,1093100.0
2002-08-20,19.27,19.34,19.0,19.18,613600.0
2002-08-21,19.28,19.43,19.0,19.4,855400.0
2002-08-22,19.4,19.9,19.27,19.54,353200.0
2002-08-23,19.33,19.36,19.17,19.25,242700.0
2002-08-26,19.32,19.62,19.05,19.6,256700.0
2002-08-27,19.48,19.85,19.24,19.4,719500.0
2002-08-28,19.24,19.24,18.25,18.25,683200.0
2002-08-29,18.0,18.19,17.79,17.98,423900.0
2002-08-30,17.94,18.41,17.7,17.7,516700.0
2002-09-03,17.39,17.6,17.14,17.39,814300.0
2002-09-04,17.24,17.75,17.18,17.45,650700.0
2002-09-05,16.89,17.14,16.51,17.03,1185900.0
2002-09-06,16.65,16.88,16.16,16.68,1912200.0
2002-09-09,16.06,16.47,16.02,16.2,1269400.0
2002-09-10,16.38,16.62,16.25,16.41,1229800.0
2002-09-11,16.78,16.85,16.25,16.25,663800.0
2002-09-12,15.77,16.0,15.37,15.59,1305900.0
2002-09-13,15.34,15.4,14.89,15.06,1118500.0
2002-09-16,14.9,15.45,14.87,15.3,659000.0
2002-09-17,15.75,15.87,15.15,15.15,1253300.0
2002-09-18,15.1,15.2,14.87,15.08,629900.0
2002-09-19,14.69,14.71,14.21,14.35,1350700.0
2002-09-20,15.06,15.4,14.87,15.15,1155400.0
2002-09-23,14.96,15.1,14.77,14.94,1571100.0
2002-09-24,14.6,14.6,14.0,14.27,964900.0
2002-09-25,14.5,16.02,14.5,15.87,2044800.0
2002-09-26,15.9,16.8,15.79,16.46,2300100.0
2002-09-27,16.27,16.77,16.1,16.3,1173300.0
2002-09-30,16.31,16.43,15.5,15.92,873300.0
2002-10-01,15.95,16.65,15.6,16.55,1045200.0
2002-10-02,16.34,16.47,15.79,16.02,1167600.0
2002-10-03,16.11,16.36,15.89,16.05,499600.0
2002-10-04,16.2,16.29,15.66,15.87,558100.0
2002-10-07,15.55,15.74,15.0,15.01,1096300.0
2002-10-08,15.5,16.08,15.24,15.96,1445100.0
2002-10-09,15.85,16.6,15.74,16.08,1367400.0
2002-10-10,16.32,17.01,16.3,16.84,2464200.0
2002-10-11,18.38,18.45,17.71,18.4,2498200.0
2002-10-14,17.5,17.85,17.4,17.77,1339000.0
2002-10-15,18.05,18.35,17.9,18.25,1202700.0
2002-10-16,18.1,18.39,17.95,18.27,751200.0
2002-10-17,18.67,19.0,18.4,18.97,1037500.0
2002-10-18,18.73,18.97,18.35,18.97,925200.0
2002-10-21,18.62,19.47,18.5,19.47,685700.0
2002-10-22,19.24,19.85,19.17,19.52,1546400.0
2002-10-23,19.09,20.2,19.05,19.96,1638400.0
2002-10-24,19.98,20.14,19.4,19.55,894200.0
2002-10-25,19.2,19.29,18.62,19.28,1237800.0
2002-10-28,19.38,19.52,19.0,19.01,696700.0
2002-10-29,18.45,18.66,18.2,18.25,1024500.0
2002-10-30,18.34,18.64,18.06,18.1,817400.0
2002-10-31,18.2,18.55,18.0,18.36,769800.0
2002-11-01,18.33,18.63,18.03,18.47,635700.0
2002-11-04,19.04,19.57,19.03,19.25,754400.0
2002-11-05,19.25,20.05,19.25,19.93,1333200.0
2002-11-06,20.2,20.74,19.94,20.65,1386700.0
2002-11-07,20.45,20.86,20.12,20.12,1281800.0
2002-11-08,20.04,20.33,19.75,20.2,569300.0
2002-11-11,20.07,20.07,19.45,19.71,811700.0
2002-11-12,19.71,20.1,19.3,19.96,785100.0
2002-11-13,19.74,20.62,19.6,20.38,1571700.0
2002-11-14,20.5,21.2,20.5,21.1,1149500.0
2002-11-15,20.97,21.1,20.55,20.8,765900.0
2002-11-18,20.95,21.08,20.84,20.9,793700.0
2002-11-19,20.89,20.89,20.26,20.6,1165300.0
2002-11-20,20.38,21.05,20.06,20.85,1151600.0
2002-11-21,21.2,22.28,21.2,22.28,1351000.0
2002-11-22,21.88,22.3,21.85,22.0,731400.0
2002-11-25,22.12,22.44,22.07,22.15,821400.0
2002-11-26,21.85,21.98,21.4,21.46,708500.0
2002-11-27,21.7,22.0,21.64,22.0,789400.0
2002-11-29,22.2,22.25,21.65,21.68,212300.0
2002-12-02,22.05,22.3,21.12,21.38,1608600.0
2002-12-03,21.39,21.39,19.31,19.33,3020900.0
2002-12-04,19.52,19.75,18.83,19.2,2146900.0
2002-12-05,19.4,19.55,18.85,18.98,1076500.0
2002-12-06,18.77,19.2,18.75,19.03,690200.0
2002-12-09,18.98,18.98,18.4,18.45,932900.0
2002-12-10,18.6,19.09,18.37,18.96,1473000.0
2002-12-11,18.87,19.11,18.72,18.98,716900.0
2002-12-12,19.11,19.59,19.05,19.57,989900.0
2002-12-13,19.55,19.55,19.15,19.29,502700.0
2002-12-16,19.19,19.5,18.9,19.38,697900.0
2002-12-17,19.23,19.37,18.75,19.06,570400.0
2002-12-18,19.01,19.29,18.75,19.15,323700.0
2002-12-19,18.62,18.88,18.4,18.81,726100.0
2002-12-20,18.3,18.34,17.37,17.72,3041500.0
2002-12-23,17.72,17.75,17.43,17.43,874700.0
2002-12-24,17.28,17.3,17.15,17.24,312200.0
2002-12-26,17.3,17.3,17.05,17.07,498600.0
2002-12-27,17.05,17.06,16.54,16.61,732300.0
2002-12-30,16.75,16.75,16.51,16.57,803000.0
2002-12-31,16.53,16.84,16.53,16.7,932200.0
2003-01-02,17.02,17.84,17.02,17.79,1130300.0
2003-01-03,17.86,17.86,17.53,17.82,439000.0
2003-01-06,17.8,18.15,17.43,18.05,1153900.0
2003-01-07,18.05,18.21,17.75,17.85,1840600.0
2003-01-08,17.24,17.46,17.1,17.39,1174500.0
2003-01-09,17.05,17.45,16.87,17.45,1529800.0
2003-01-10,17.35,17.99,17.15,17.5,682700.0
2003-01-13,17.72,17.85,17.16,17.31,613400.0
2003-01-14,17.18,17.4,17.11,17.4,867900.0
2003-01-15,17.4,17.43,17.04,17.05,562300.0
2003-01-16,17.06,17.4,17.06,17.37,464400.0
2003-01-17,17.2,17.35,17.09,17.25,1037100.0
2003-01-21,17.24,17.3,16.57,16.68,996700.0
2003-01-22,16.43,17.0,16.41,16.58,793100.0
2003-01-23,16.67,16.7,16.13,16.43,1580500.0
2003-01-24,16.44,16.52,16.17,16.17,628500.0
2003-01-27,15.92,16.17,15.65,15.8,582600.0
2003-01-28,15.85,15.86,15.57,15.59,1271300.0
2003-01-29,15.52,15.62,14.98,15.08,3837000.0
2003-01-30,15.33,16.37,15.15,15.6,3062500.0
2003-01-31,15.64,15.97,15.6,15.97,622500.0
2003-02-03,15.93,15.93,15.4,15.4,637800.0
2003-02-04,15.28,15.38,15.02,15.2,786400.0
2003-02-05,15.2,15.35,15.0,15.0,1643200.0
2003-02-06,14.82,14.94,14.53,14.55,1299100.0
2003-02-07,14.68,14.8,14.36,14.44,871200.0
2003-02-10,14.52,14.52,14.05,14.28,1259900.0
2003-02-11,14.34,14.56,14.2,14.23,565300.0
2003-02-12,14.15,14.19,13.57,13.57,1165700.0
2003-02-13,13.7,13.93,13.22,13.25,1661500.0
2003-02-14,13.26,13.72,13.26,13.67,1355600.0
2003-02-18,13.67,14.12,13.67,13.85,883800.0
2003-02-19,13.85,13.85,13.44,13.64,1680600.0
2003-02-20,13.55,14.0,13.5,13.6,757800.0
2003-02-21,13.7,14.08,13.59,13.96,1178900.0
2003-02-24,13.87,13.87,13.38,13.38,803700.0
2003-02-25,12.99,13.3,12.72,13.28,1494300.0
2003-02-26,13.21,13.44,13.05,13.2,875900.0
2003-02-27,13.14,13.48,13.14,13.33,978600.0
2003-02-28,13.44,13.78,13.44,13.55,825800.0
2003-03-03,13.65,14.1,13.65,13.8,1046200.0
2003-03-04,13.62,13.67,13.0,13.08,1872900.0
2003-03-05,13.05,13.1,12.65,12.8,1328100.0
2003-03-06,12.81,12.86,12.47,12.7,628200.0
2003-03-07,12.52,13.24,12.42,13.09,884700.0
2003-03-10,12.88,12.88,12.6,12.75,911700.0
2003-03-11,12.85,13.06,12.63,12.72,883900.0
2003-03-12,12.86,13.12,12.8,12.95,1542400.0
2003-03-13,13.1,13.87,13.06,13.87,1338400.0
2003-03-14,13.82,14.18,13.53,14.0,1375700.0
2003-03-17,14.0,14.44,13.39,14.4,1272800.0
2003-03-18,14.58,14.87,14.45,14.87,1037700.0
2003-03-19,15.2,15.66,15.03,15.2,1645600.0
2003-03-20,15.2,15.36,14.62,15.36,1029000.0
2003-03-21,15.48,17.0,15.35,16.65,2248700.0
2003-03-24,16.4,16.4,15.2,15.55,1923600.0
2003-03-25,15.59,15.97,15.55,15.84,715100.0
2003-03-26,15.72,15.79,15.38,15.45,541900.0
2003-03-27,15.29,15.51,15.08,15.4,1166500.0
2003-03-28,15.4,15.5,15.23,15.31,403300.0
2003-03-31,15.08,15.08,14.75,15.03,1205900.0
2003-04-01,14.83,14.85,14.6,14.67,1494700.0
2003-04-02,15.68,15.91,14.675,15.74,1645500.0
2003-04-03,15.98,16.05,15.52,15.85,907500.0
2003-04-04,16.01,16.21,15.76,16.0,799600.0
2003-04-07,16.65,16.98,16.4,16.51,1500600.0
2003-04-08,16.5,16.74,16.27,16.61,836300.0
2003-04-09,16.5,16.64,16.28,16.37,737700.0
2003-04-10,16.37,16.38,16.14,16.24,544000.0
2003-04-11,15.66,16.0,14.75,15.47,2010800.0
2003-04-14,15.57,16.02,15.51,16.02,1145700.0
2003-04-15,15.71,15.97,15.67,15.9,931400.0
2003-04-16,15.98,16.0,15.57,15.6,706400.0
2003-04-17,15.61,16.25,15.52,16.25,775600.0
2003-04-21,16.25,16.35,15.95,16.35,414100.0
2003-04-22,16.16,16.79,16.14,16.73,886600.0
2003-04-23,16.5,17.31,16.0,17.26,2524000.0
2003-04-24,16.9,17.26,16.9,17.05,1302400.0
2003-04-25,17.0,17.03,16.25,16.35,1306300.0
2003-04-28,16.47,17.1,16.47,17.1,965800.0
2003-04-29,17.5,18.49,17.5,18.15,1862400.0
2003-04-30,18.16,18.75,18.12,18.57,1594600.0
2003-05-01,18.58,18.58,18.0,18.3,1189900.0
2003-05-02,18.4,19.03,18.4,19.03,1089900.0
2003-05-05,18.97,19.4,18.85,19.05,957900.0
2003-05-06,19.06,19.34,18.92,19.26,907600.0
2003-05-07,18.86,19.17,18.76,19.03,1340600.0
2003-05-08,18.65,18.96,18.52,18.55,782300.0
2003-05-09,18.71,19.18,18.61,19.12,1001600.0
2003-05-12,19.1,19.57,19.01,19.57,589100.0
2003-05-13,19.6,20.35,19.47,19.92,1152600.0
2003-05-14,20.0,20.1,19.68,19.75,740000.0
2003-05-15,19.8,20.26,19.76,20.05,775700.0
2003-05-16,20.0,20.62,19.99,20.58,561000.0
2003-05-19,19.9,20.09,19.37,19.52,982200.0
2003-05-20,19.52,19.65,18.82,19.06,1016300.0
2003-05-21,19.04,19.14,18.69,19.05,995900.0
2003-05-22,19.0,19.4,18.9,19.4,679600.0
2003-05-23,19.3,19.46,18.97,19.39,365600.0
2003-05-27,19.18,19.85,19.07,19.85,523600.0
2003-05-28,20.0,20.85,20.0,20.83,1043700.0
2003-05-29,20.65,21.15,20.52,20.98,1691700.0
2003-05-30,21.0,21.04,20.6,20.76,927100.0
2003-06-02,20.75,21.33,20.65,21.22,1121100.0
2003-06-03,21.1,21.54,21.0,21.5,881400.0
2003-06-04,21.47,22.35,21.47,22.35,904200.0
2003-06-05,22.0,22.45,21.82,22.43,1253600.0
2003-06-06,22.5,22.7,21.82,22.01,717000.0
2003-06-09,21.98,21.98,21.34,21.4,753300.0
2003-06-10,21.45,21.45,20.9,21.28,500500.0
2003-06-11,21.28,21.57,21.15,21.51,660700.0
2003-06-12,21.51,21.9,21.4,21.9,988500.0
2003-06-13,21.68,21.68,21.33,21.33,642800.0
2003-06-16,21.58,21.81,21.42,21.64,806800.0
2003-06-17,21.65,22.0,21.6,21.83,1296900.0
2003-06-18,21.73,22.48,21.5,22.09,1220200.0
2003-06-19,22.08,22.51,21.98,22.27,1334300.0
2003-06-20,22.48,23.24,22.44,23.18,1589000.0
2003-06-23,23.12,23.12,22.89,22.92,1357600.0
2003-06-24,22.99,23.27,22.65,22.69,855600.0
2003-06-25,22.69,22.85,21.0,22.55,2742700.0
2003-06-26,22.65,23.2,22.46,23.06,922200.0
2003-06-27,23.15,23.42,22.75,22.83,488300.0
2003-06-30,22.93,23.2,22.75,23.16,533400.0
2003-07-01,22.91,22.91,22.27,22.56,765200.0
2003-07-02,22.75,23.45,22.72,23.45,726400.0
2003-07-03,23.35,23.53,23.08,23.45,391700.0
2003-07-07,23.75,24.25,23.69,24.19,780400.0
2003-07-08,24.17,24.7,23.95,24.65,795900.0
2003-07-09,24.5,25.0,24.4,24.91,1071800.0
2003-07-10,24.55,24.65,24.34,24.52,849300.0
2003-07-11,24.69,25.43,24.65,25.24,1337700.0
2003-07-14,25.24,25.75,24.96,25.65,1000400.0
2003-07-15,25.9,26.18,25.51,25.8,1232100.0
2003-07-16,25.5,25.7,25.37,25.7,1325200.0
2003-07-17,25.2,25.43,24.78,25.05,1119700.0
2003-07-18,25.06,25.49,24.74,25.4,521900.0
2003-07-21,25.4,25.4,24.98,25.3,621400.0
2003-07-22,25.69,26.8,25.64,26.77,2660100.0
2003-07-23,26.78,26.85,26.26,26.4,923400.0
2003-07-24,26.54,26.6,26.24,26.44,502000.0
2003-07-25,26.5,26.93,26.27,26.85,556200.0
2003-07-28,28.4,28.94,27.16,28.78,4281100.0
2003-07-29,28.75,29.73,28.6,29.44,3300800.0
2003-07-30,29.35,29.49,28.42,29.22,1740500.0
2003-07-31,29.07,29.59,28.9,29.25,1421400.0
2003-08-01,29.05,29.1,28.7,28.75,1514500.0
2003-08-04,28.78,28.795,28.25,28.58,1080400.0
2003-08-05,28.58,28.75,28.12,28.15,934300.0
2003-08-06,28.2,28.28,27.9,27.96,869900.0
2003-08-07,27.9,28.2,27.81,28.08,945400.0
2003-08-08,28.17,28.4,27.95,27.98,891300.0
2003-08-11,28.12,28.8,28.0,28.8,661400.0
2003-08-12,28.85,29.58,28.85,29.52,1607800.0
2003-08-13,29.55,29.78,29.4,29.64,863300.0
2003-08-14,29.59,30.04,29.35,30.01,1205300.0
2003-08-15,29.9,30.35,29.9,30.02,485800.0
2003-08-18,30.18,30.31,30.0,30.08,662400.0
2003-08-19,30.14,30.14,29.74,29.85,1379200.0
2003-08-20,29.7,29.9,29.6,29.8,643600.0
2003-08-21,29.92,30.12,29.85,29.9,790400.0
2003-08-22,30.25,30.25,29.65,29.9,1004000.0
2003-08-25,30.02,30.09,29.8,30.01,1113000.0
2003-08-26,29.95,30.14,29.82,30.05,1150700.0
2003-08-27,30.05,30.15,29.84,30.01,902300.0
2003-08-28,30.08,30.6,30.02,30.59,769900.0
2003-08-29,30.5,31.3,30.47,31.15,704500.0
2003-09-02,31.0,31.18,30.7,30.9,1288100.0
2003-09-03,31.07,32.1,31.07,31.55,2294400.0
2003-09-04,31.25,31.6,31.11,31.25,1432200.0
2003-09-05,31.2,31.5,31.13,31.16,782200.0
2003-09-08,31.2,31.4,30.76,30.95,798900.0
2003-09-09,30.8,30.84,29.81,29.99,1497800.0
2003-09-10,29.77,29.98,29.21,29.37,1025400.0
2003-09-11,29.62,29.95,29.45,29.67,1002500.0
2003-09-12,29.61,30.4,29.45,30.35,1051300.0
2003-09-15,30.7,31.1,30.68,30.8,1110100.0
2003-09-16,31.04,31.79,30.96,31.75,753600.0
2003-09-17,31.76,31.85,30.86,31.02,797400.0
2003-09-18,30.99,32.43,30.56,32.16,2245900.0
2003-09-19,32.03,32.68,31.8,32.29,1191100.0
2003-09-22,31.91,31.93,31.5,31.53,734100.0
2003-09-23,31.6,32.0,31.55,31.81,1136100.0
2003-09-24,31.25,31.4,30.23,30.67,2487300.0
2003-09-25,30.69,30.99,30.15,30.16,1435100.0
2003-09-26,30.0,30.01,28.51,28.53,2116500.0
2003-09-29,28.65,28.98,28.56,28.98,1859900.0
2003-09-30,28.78,28.79,28.04,28.11,2179400.0
2003-10-01,28.3,29.24,28.28,29.05,1440700.0
2003-10-02,29.05,29.5,28.92,29.39,1361300.0
2003-10-03,29.64,29.98,29.44,29.51,1557300.0
2003-10-06,29.51,30.21,29.47,29.77,1854300.0
2003-10-07,29.9,29.94,29.6,29.82,1859900.0
2003-10-08,29.85,30.37,29.85,29.95,835000.0
2003-10-09,30.5,31.0,30.4,30.89,1518900.0
2003-10-10,31.4,31.49,30.93,31.12,1270800.0
2003-10-13,31.48,31.66,30.84,30.86,2199200.0
2003-10-14,30.86,31.4,30.65,31.19,1490200.0
2003-10-15,31.5,31.59,30.77,30.99,2114800.0
2003-10-16,30.91,31.78,30.86,31.62,1786600.0
2003-10-17,31.62,31.75,31.04,31.09,1413600.0
2003-10-20,31.15,31.55,31.06,31.48,753400.0
2003-10-21,31.7,31.76,31.46,31.6,783900.0
2003-10-22,31.45,31.63,30.95,31.12,748700.0
2003-10-23,31.0,31.4,30.76,31.15,527800.0
2003-10-24,31.15,31.3,30.25,30.36,1222700.0
2003-10-27,28.44,31.56,28.44,30.62,4004300.0
2003-10-28,30.85,30.85,29.95,30.1,1553700.0
2003-10-29,30.17,30.49,29.93,30.0,1153300.0
2003-10-30,30.5,30.7,29.77,29.8,1244800.0
2003-10-31,29.94,30.01,29.67,29.71,966200.0
2003-11-03,29.92,30.25,29.66,30.0,1220500.0
2003-11-04,29.84,30.19,29.63,29.74,868000.0
2003-11-05,29.74,29.85,29.36,29.43,904400.0
2003-11-06,29.62,29.88,29.44,29.7,638000.0
2003-11-07,29.9,30.34,29.87,29.98,1032400.0
2003-11-10,30.05,30.08,29.24,29.24,820400.0
2003-11-11,29.24,29.28,28.27,28.36,2192300.0
2003-11-12,28.85,29.1,28.55,28.75,1305300.0
2003-11-13,28.75,29.1,28.75,28.89,971500.0
2003-11-14,28.84,29.17,28.7,28.91,766800.0
2003-11-17,28.76,28.77,28.4,28.43,1103100.0
2003-11-18,28.75,28.86,28.23,28.28,952000.0
2003-11-19,28.28,28.38,27.82,28.01,880500.0
2003-11-20,27.46,27.85,27.08,27.32,1415200.0
2003-11-21,27.6,28.75,27.46,28.6,1514800.0
2003-11-24,28.95,29.57,28.95,29.49,1698600.0
2003-11-25,29.74,30.13,29.58,30.01,1158900.0
2003-11-26,30.01,30.39,29.77,30.28,919200.0
2003-11-28,30.18,30.42,30.17,30.27,149000.0
2003-12-01,30.3,30.98,30.15,30.95,1017800.0
2003-12-02,31.0,31.06,30.65,30.69,1004500.0
2003-12-03,30.75,31.06,30.53,30.66,1401800.0
2003-12-04,30.6,30.72,29.9,30.01,912200.0
2003-12-05,29.91,30.15,29.5,29.82,1202500.0
2003-12-08,29.82,30.15,29.81,30.09,904300.0
2003-12-09,30.85,31.3,30.82,31.11,2846600.0
2003-12-10,31.49,32.07,31.47,31.7,2123400.0
2003-12-11,32.48,33.34,32.37,33.08,2771900.0
2003-12-12,33.09,33.39,32.81,33.25,1324300.0
2003-12-15,33.6,33.99,33.08,33.08,1460700.0
2003-12-16,33.38,33.7,33.11,33.5,1157700.0
2003-12-17,33.37,34.07,33.31,33.84,1471000.0
2003-12-18,33.45,34.28,33.31,34.28,2950400.0
2003-12-19,34.28,34.7,34.16,34.17,1376000.0
2003-12-22,34.07,34.77,34.07,34.73,891400.0
2003-12-23,34.42,34.76,34.42,34.59,571500.0
2003-12-24,34.65,34.82,34.42,34.6,322800.0
2003-12-26,34.63,34.97,34.61,34.88,210200.0
2003-12-29,34.71,34.92,34.59,34.92,596400.0
2003-12-30,34.75,34.89,34.52,34.69,960500.0
2003-12-31,34.69,35.0,34.69,34.79,455400.0
2004-01-02,34.98,35.1,34.82,34.99,1097700.0
2004-01-05,35.4,36.45,35.28,36.12,1559400.0
2004-01-06,35.9,36.3,35.8,36.09,694500.0
2004-01-07,36.07,36.66,36.07,36.65,1520100.0
2004-01-08,36.9,36.94,36.39,36.75,1029400.0
2004-01-09,37.0,37.7304,36.77,37.17,1641600.0
2004-01-12,37.3,37.7,37.07,37.15,939700.0
2004-01-13,37.34,37.58,37.06,37.21,1742300.0
2004-01-14,37.73,37.95,37.5,37.85,1485300.0
2004-01-15,37.9,39.36,37.88,38.92,2267300.0
2004-01-16,39.43,39.75,39.03,39.31,1855900.0
2004-01-20,39.43,39.88,39.23,39.7,728400.0
2004-01-21,39.95,40.05,39.32,39.95,1935700.0
2004-01-22,39.95,40.6,39.91,40.55,1493900.0
2004-01-23,40.45,40.75,40.1,40.39,1201600.0
2004-01-26,40.23,40.32,40.05,40.1,2128800.0
2004-01-27,40.0,40.16,39.78,39.8,2176500.0
2004-01-28,39.76,39.77,38.51,38.89,1607400.0
2004-01-29,40.72,41.37,40.56,41.21,5855400.0
2004-01-30,41.39,42.99,41.32,42.37,2487600.0
2004-02-02,42.15,42.73,42.04,42.31,1357400.0
2004-02-03,42.05,42.15,40.98,41.11,1881900.0
2004-02-04,40.86,41.18,40.57,40.62,875900.0
2004-02-05,40.85,41.25,40.38,40.52,1048700.0
2004-02-06,40.7,41.15,40.34,41.05,1065500.0
2004-02-09,41.2,41.35,40.87,41.05,1262400.0
2004-02-10,41.1,41.33,40.9,41.09,620000.0
2004-02-11,41.24,42.08,41.0,41.88,2455700.0
2004-02-12,41.81,42.08,41.53,41.62,975300.0
2004-02-13,41.72,41.95,41.51,41.56,520000.0
2004-02-17,41.97,42.17,41.82,42.0,1398300.0
2004-02-18,42.25,42.78,41.87,41.95,1479000.0
2004-02-19,42.2,42.45,41.82,42.1,1074700.0
2004-02-20,41.96,42.08,41.72,42.0,651400.0
2004-02-23,42.08,42.24,41.52,42.05,1172000.0
2004-02-24,41.9,42.9,41.9,42.68,1874000.0
2004-02-25,42.69,43.44,42.62,43.28,2156700.0
2004-02-26,43.15,45.0,43.15,44.39,2669000.0
2004-02-27,44.39,44.98,44.25,44.25,1361400.0
2004-03-01,44.5,45.0,44.2,44.99,885000.0
2004-03-02,45.2,45.92,45.14,45.38,2471400.0
2004-03-03,45.46,45.6,44.73,45.3,856500.0
2004-03-04,45.3,45.93,45.13,45.9,786200.0
2004-03-05,45.74,46.92,45.52,45.82,652200.0
2004-03-08,45.78,45.89,45.02,45.02,452600.0
2004-03-09,45.02,45.09,44.4,44.56,1308100.0
2004-03-10,44.91,45.23,43.95,44.16,1013000.0
2004-03-11,43.22,43.85,41.95,42.07,1695600.0
2004-03-12,41.95,42.66,41.74,42.2,1668800.0
2004-03-15,41.69,41.7,39.78,40.46,2563800.0
2004-03-16,39.75,39.82,38.3,39.09,3618100.0
2004-03-17,39.85,40.31,39.8,40.06,2493100.0
2004-03-18,40.05,40.65,39.81,40.43,1359300.0
2004-03-19,40.35,41.0,40.2,40.61,889400.0
2004-03-22,40.57,40.66,39.12,39.42,2127100.0
2004-03-23,39.9,40.26,39.82,40.08,1741300.0
2004-03-24,40.08,40.18,39.4,39.4,1493900.0
2004-03-25,39.76,40.99,39.62,40.78,1032700.0
2004-03-26,40.67,42.2,40.63,42.05,1621300.0
2004-03-29,42.57,43.4,42.21,43.06,1900600.0
2004-03-30,42.7,43.5,42.7,43.5,1552800.0
2004-03-31,43.6,44.3,43.3,44.1,1308600.0
2004-04-01,44.25,44.88,44.21,44.83,1818400.0
2004-04-02,45.08,45.98,44.97,45.8,2289000.0
2004-04-05,45.6,45.73,45.44,45.44,1982000.0
2004-04-06,45.3,45.87,44.97,45.74,2315200.0
2004-04-07,45.74,45.88,45.25,45.54,1247300.0
2004-04-08,45.95,45.95,45.0,45.28,356000.0
2004-04-12,45.28,45.99,45.15,45.69,766700.0
2004-04-13,45.75,45.78,44.52,44.55,544500.0
2004-04-14,44.15,44.83,44.04,44.8,1115800.0
2004-04-15,44.78,44.78,43.73,44.25,1821100.0
2004-04-16,44.31,45.29,44.31,45.17,984800.0
2004-04-19,45.17,45.71,45.03,45.29,643100.0
2004-04-20,45.29,45.41,43.81,44.04,1543700.0
2004-04-21,44.15,44.34,41.9,43.86,4181300.0
2004-04-22,43.92,44.45,43.65,44.18,1303000.0
2004-04-23,43.86,44.49,43.55,44.17,671300.0
2004-04-26,44.11,44.11,43.4,43.71,1638600.0
2004-04-27,43.4,43.47,41.78,42.0,2358300.0
2004-04-28,42.2,42.35,40.8,41.36,2800800.0
2004-04-29,41.26,41.35,40.24,40.76,909000.0
2004-04-30,40.86,41.2,40.16,40.53,717000.0
2004-05-03,40.3,40.89,39.87,40.8,1235700.0
2004-05-04,41.15,42.02,40.95,41.65,2276600.0
2004-05-05,41.65,43.13,41.6,42.6,2505500.0
2004-05-06,42.6,42.8,41.63,41.93,1601200.0
2004-05-07,41.8,41.8,40.67,40.8,1473300.0
2004-05-10,39.88,40.29,39.19,39.7,1760800.0
2004-05-11,39.83,39.88,39.17,39.4,1633100.0
2004-05-12,39.02,39.35,37.8,38.94,3009300.0
2004-05-13,38.95,38.95,38.32,38.87,690400.0
2004-05-14,38.87,39.64,38.6,39.28,1412000.0
2004-05-17,39.05,39.05,38.02,38.37,1084500.0
2004-05-18,38.55,39.0,38.33,38.4,1432700.0
2004-05-19,38.75,39.23,38.29,38.55,1112200.0
2004-05-20,38.7,39.02,38.11,38.96,979700.0
2004-05-21,39.0,39.75,39.0,39.48,1071200.0
2004-05-24,39.75,40.0,39.32,39.64,990900.0
2004-05-25,39.64,40.19,39.2,40.08,928600.0
2004-05-26,40.28,40.55,39.36,39.36,1077200.0
2004-05-27,39.9,40.19,39.47,39.69,1053900.0
2004-05-28,39.67,39.67,39.11,39.12,602100.0
2004-06-01,39.15,39.24,38.74,39.04,594000.0
2004-06-02,39.04,39.32,38.42,38.72,1484700.0
2004-06-03,38.6,38.61,37.92,38.17,2096100.0
2004-06-04,38.49,39.1,38.46,39.1,849000.0
2004-06-07,39.75,41.0,39.72,40.93,1992200.0
2004-06-08,41.23,41.65,41.15,41.64,1226400.0
2004-06-09,41.65,42.11,41.37,41.41,1331800.0
2004-06-10,41.42,41.92,41.15,41.31,635300.0
2004-06-14,41.28,41.28,40.24,40.34,1015000.0
2004-06-15,40.75,41.02,40.68,40.95,844300.0
2004-06-16,41.0,41.13,40.5,40.66,814700.0
2004-06-17,41.45,43.65,41.1,43.26,3060000.0
2004-06-18,43.1,43.61,42.82,43.25,2218400.0
2004-06-21,43.02,43.65,42.89,43.0,633800.0
2004-06-22,42.97,43.44,42.86,43.25,951400.0
2004-06-23,43.06,44.28,42.98,44.28,1336500.0
2004-06-24,44.38,44.86,44.06,44.86,1658400.0
2004-06-25,44.75,45.28,44.72,45.28,1473200.0
2004-06-28,45.4,45.49,44.36,44.36,1242800.0
2004-06-29,44.35,44.53,43.78,43.9,797900.0
2004-06-30,44.0,44.05,43.4,43.41,1241200.0
2004-07-01,43.35,44.01,43.12,43.88,1213900.0
2004-07-02,43.8,43.8,42.9,42.9,564700.0
2004-07-06,43.0,43.3,42.86,43.13,994800.0
2004-07-07,43.2,43.5,43.07,43.37,629800.0
2004-07-08,43.25,43.28,42.4,42.43,1457800.0
2004-07-09,42.44,42.55,42.12,42.37,619600.0
2004-07-12,42.4,42.91,41.77,42.67,784000.0
2004-07-13,42.55,43.35,42.44,42.91,622600.0
2004-07-14,42.75,43.58,42.56,43.1,780300.0
2004-07-15,43.05,43.75,43.0,43.28,649100.0
2004-07-16,43.51,43.57,42.98,43.02,456100.0
2004-07-19,43.0,43.1,42.64,42.82,420100.0
2004-07-20,42.6,42.64,42.05,42.1,937000.0
2004-07-21,42.1,42.27,41.43,41.55,1101100.0
2004-07-22,41.55,41.55,40.66,41.38,1196300.0
2004-07-23,41.15,41.35,40.5,40.67,1444000.0
2004-07-26,40.71,40.98,39.6,39.98,1364400.0
2004-07-27,40.0,41.64,40.0,41.19,1626300.0
2004-07-28,43.1,44.5,42.3,42.76,4598100.0
2004-07-29,43.65,43.86,43.32,43.43,1742100.0
2004-07-30,43.33,43.55,42.68,42.75,966600.0
2004-08-02,42.7,42.7,42.2,42.42,1161200.0
2004-08-03,42.7,42.98,41.87,42.0,928400.0
2004-08-04,42.03,42.03,41.12,41.71,1331500.0
2004-08-05,41.65,41.75,40.81,40.99,841600.0
2004-08-06,40.5,40.54,39.53,40.03,2019600.0
2004-08-09,40.12,40.3,39.49,39.59,1112600.0
2004-08-10,40.15,40.79,40.1,40.49,1345100.0
2004-08-11,40.02,40.4,39.65,40.1,1097000.0
2004-08-12,39.89,39.89,39.1,39.42,1139600.0
2004-08-13,39.38,40.12,39.38,39.7,492600.0
2004-08-16,39.9,40.81,39.83,40.62,625400.0
2004-08-17,41.0,41.38,40.92,40.93,575000.0
2004-08-18,40.61,40.91,40.26,40.52,902000.0
2004-08-19,40.5,40.92,39.95,40.1,1297600.0
2004-08-20,40.18,40.19,39.3,39.3,2029000.0
2004-08-23,39.62,39.99,39.37,39.57,1020200.0
2004-08-24,39.9,40.3312,39.72,39.89,898200.0
2004-08-25,40.0,40.93,39.85,40.71,896900.0
2004-08-26,40.6,41.05,40.38,40.92,687500.0
2004-08-27,40.8,40.81,40.23,40.65,824700.0
2004-08-30,40.5,41.07,40.4,40.78,736900.0
2004-08-31,40.79,41.4,40.79,41.3,678200.0
2004-09-01,41.15,41.83,41.06,41.54,787400.0
2004-09-02,41.2,42.2,40.95,41.97,1056600.0
2004-09-03,41.72,42.05,41.52,41.93,689100.0
2004-09-07,41.77,42.2,41.75,42.1,724000.0
2004-09-08,42.1589,42.4,41.85,42.23,1072300.0
2004-09-09,41.97,42.03,40.67,41.94,2130100.0
2004-09-10,42.06,42.27,41.8,42.15,521100.0
2004-09-13,42.18,42.59,42.16,42.4,828600.0
2004-09-14,42.35,42.66,42.25,42.48,657800.0
2004-09-15,42.52,44.0,42.52,43.59,2477700.0
2004-09-16,43.5,44.39,43.43,44.17,1293600.0
2004-09-17,43.64,44.95,43.64,44.58,1985200.0
2004-09-20,44.27,44.27,43.55,43.67,1175300.0
2004-09-21,44.05,44.6,43.85,43.99,1106800.0
2004-09-22,43.89,43.95,43.52,43.68,570300.0
2004-09-23,43.74,44.05,43.5,43.99,710300.0
2004-09-24,43.99,44.56,43.98,44.3,658100.0
2004-09-27,43.96,44.14,43.49,43.49,715800.0
2004-09-28,43.95,43.99,43.62,43.88,608900.0
2004-09-29,43.78,44.05,43.5,43.65,549100.0
2004-09-30,43.75,44.03,43.51,43.6,1063700.0
2004-10-01,43.96,44.69,43.6,44.34,883300.0
2004-10-04,45.02,46.17,44.94,45.75,2340000.0
2004-10-05,46.0,46.84,45.69,46.45,1866000.0
2004-10-06,46.45,47.39,46.25,47.11,1526900.0
2004-10-07,47.05,47.05,46.55,46.69,1324300.0
2004-10-08,46.48,47.1,46.1,46.74,1205700.0
2004-10-11,46.87,47.19,46.86,47.08,837700.0
2004-10-12,46.61,46.82,46.23,46.65,886200.0
2004-10-13,46.85,47.15,46.3,46.56,841900.0
2004-10-14,46.6,46.99,46.26,46.77,728500.0
2004-10-15,46.9,48.47,46.85,48.32,3132800.0
2004-10-18,48.38,48.54,47.8,48.54,1716900.0
2004-10-19,48.6,48.6,47.66,48.15,926500.0
2004-10-20,47.98,48.25,47.44,48.25,1899600.0
2004-10-21,48.69,48.7,44.97,46.83,3580300.0
2004-10-22,47.0,47.69,46.5,46.81,1694700.0
2004-10-25,46.69,47.31,46.4,46.95,584400.0
2004-10-26,46.75,46.76,46.23,46.55,1175400.0
2004-10-27,46.55,46.72,46.11,46.5,1151500.0
2004-10-28,46.41,46.77,46.25,46.28,858200.0
2004-10-29,46.35,46.7,46.101,46.6,442600.0
2004-11-01,46.48,47.32,46.47,46.75,617400.0
2004-11-02,46.95,48.0,46.82,47.5,1406300.0
2004-11-03,48.0,48.4,47.77,47.99,1143800.0
2004-11-04,47.99,48.7,47.61,48.7,2083000.0
2004-11-05,48.9,48.97,48.11,48.45,1149800.0
2004-11-08,48.37,48.81,48.1,48.45,1485800.0
2004-11-09,48.25,48.51,48.07,48.28,990300.0
2004-11-10,48.48,48.85,48.43,48.52,722100.0
2004-11-11,48.75,49.09,48.6,49.0,825800.0
2004-11-12,49.0,49.5,48.5,49.5,703400.0
2004-11-15,49.4,49.4,48.82,48.91,622900.0
2004-11-16,48.62,48.96,48.33,48.43,456100.0
2004-11-17,48.72,48.91,48.1,48.17,1253200.0
2004-11-18,48.17,48.79,48.17,48.4,505700.0
2004-11-19,48.4,48.43,47.99,48.1,673100.0
2004-11-22,48.08,48.1,47.6,47.75,542600.0
2004-11-23,47.85,48.5,47.85,48.33,680500.0
2004-11-24,48.4,49.6,48.4,49.3,818400.0
2004-11-26,49.4,49.61,49.3,49.52,179900.0
2004-11-29,49.7,49.79,49.27,49.37,1050200.0
2004-11-30,49.57,49.8,49.41,49.7,671100.0
2004-12-01,49.81,50.21,49.81,50.0,2155200.0
2004-12-02,50.08,51.0,50.08,50.34,1561100.0
2004-12-03,50.1,50.73,50.1,50.7,677100.0
2004-12-06,50.64,51.33,50.64,51.26,890000.0
2004-12-07,51.31,51.5,50.44,50.59,606800.0
2004-12-08,50.59,50.65,50.14,50.49,582200.0
2004-12-09,50.1,50.59,49.96,50.49,871800.0
2004-12-10,50.5,50.68,50.14,50.5,604800.0
2004-12-13,50.64,50.7,50.33,50.6,827700.0
2004-12-14,51.1,51.9,50.56,51.78,1476600.0
2004-12-15,51.7,52.45,51.55,51.68,1117800.0
2004-12-16,52.64,52.64,51.68,51.91,1208600.0
2004-12-17,51.86,52.65,51.82,52.53,435400.0
2004-12-20,52.65,52.95,52.35,52.83,661200.0
2004-12-21,52.87,54.2,52.87,53.65,1387000.0
2004-12-22,53.75,53.99,53.57,53.95,525800.0
2004-12-23,53.9,54.06,53.57,53.9,433000.0
2004-12-27,54.4,54.44,53.79,54.3,636300.0
2004-12-28,54.35,55.47,54.35,55.42,951300.0
2004-12-29,55.3,55.37,54.73,55.25,536300.0
2004-12-30,55.09,55.24,54.71,55.01,448500.0
2004-12-31,55.11,55.11,54.43,54.44,388600.0
2005-01-03,54.65,55.23,54.15,54.15,669200.0
2005-01-04,54.3,54.72,53.6,53.61,907700.0
2005-01-05,53.67,53.78,52.82,52.85,1465100.0
2005-01-06,53.15,53.29,52.93,53.25,1041000.0
2005-01-07,53.5,53.58,52.85,53.06,573300.0
2005-01-10,53.06,53.22,52.67,52.85,691300.0
2005-01-11,52.92,52.96,52.35,52.35,976600.0
2005-01-12,52.5,53.02,52.27,53.02,1182000.0
2005-01-13,53.0,53.42,52.74,53.02,689500.0
2005-01-14,53.32,53.98,53.2,53.86,1043400.0
2005-01-18,53.9,54.88,53.45,54.85,780800.0
2005-01-19,54.81,55.0,54.43,54.62,3487300.0
2005-01-20,54.21,54.25,53.46,53.48,2082100.0
2005-01-21,53.8,53.88,52.87,52.87,963700.0
2005-01-24,52.79,52.94,52.0,52.36,1162000.0
2005-01-25,52.65,53.07,52.5,52.55,937500.0
2005-01-26,52.57,52.86,52.21,52.75,746200.0
2005-01-27,52.3,53.02,52.25,52.89,346600.0
2005-01-28,52.69,53.07,52.15,52.4,694700.0
2005-01-31,52.62,53.17,52.62,53.0,920300.0
2005-02-01,50.75,51.2,49.05,49.35,7596800.0
2005-02-02,49.67,49.67,48.74,49.02,3030100.0
2005-02-03,49.02,49.02,47.76,47.8,2195900.0
2005-02-04,47.81,48.4,47.81,48.27,1969000.0
2005-02-07,48.55,49.25,48.4,48.5,1591900.0
2005-02-08,48.45,48.45,47.79,47.98,1007800.0
2005-02-09,48.02,48.06,47.51,47.59,901600.0
2005-02-10,47.9,48.24,47.61,47.92,903800.0
2005-02-11,47.85,48.97,47.85,48.76,2609500.0
2005-02-14,48.8,49.5,48.8,49.15,1383000.0
2005-02-15,49.1,49.3,48.57,48.75,1208900.0
2005-02-16,48.71,48.72,48.03,48.28,1197000.0
2005-02-17,48.39,48.7,47.8,47.8,999100.0
2005-02-18,47.93,48.34,47.79,47.95,834200.0
2005-02-22,48.0,48.05,46.54,46.7,1613100.0
2005-02-23,46.9,47.01,45.82,45.82,2699900.0
2005-02-24,46.0,47.02,45.71,46.77,3198600.0
2005-02-25,46.95,47.85,46.8,47.79,1213200.0
2005-02-28,47.54,47.6,47.1,47.25,1112300.0
2005-03-01,47.41,47.42,46.85,47.0,2143600.0
2005-03-02,46.75,47.25,46.72,47.15,1416100.0
2005-03-03,47.15,47.26,46.82,46.95,998600.0
2005-03-04,47.3,47.44,46.57,46.57,1964800.0
2005-03-07,46.7,47.0,46.49,46.58,1306000.0
2005-03-08,46.69,47.29,46.24,46.3,2656200.0
2005-03-09,46.35,46.38,45.76,45.93,1707900.0
2005-03-10,46.4,46.4,45.0,45.52,2448900.0
2005-03-11,45.9,46.17,45.35,45.65,1495500.0
2005-03-14,45.7,45.97,45.26,45.35,1160100.0
2005-03-15,46.0,47.53,45.98,47.17,3252500.0
2005-03-16,47.42,48.26,47.32,47.51,2917500.0
2005-03-17,47.55,48.07,47.55,47.87,932200.0
2005-03-18,48.12,48.65,48.05,48.1,1870000.0
2005-03-21,47.85,48.0,45.25,45.77,3301700.0
2005-03-22,45.55,45.69,43.76,44.36,4810900.0
2005-03-23,43.95,44.5,43.73,43.8,2716200.0
2005-03-24,43.71,44.03,43.11,43.17,2157900.0
2005-03-28,43.25,43.72,43.05,43.41,2885300.0
2005-03-29,43.55,44.22,43.35,43.51,1720400.0
2005-03-30,43.64,44.18,43.58,44.13,1536300.0
2005-03-31,44.22,44.81,43.96,44.69,2644200.0
2005-04-01,44.9,44.9,44.06,44.27,2113100.0
2005-04-04,43.99,43.99,43.18,43.49,1158400.0
2005-04-05,43.7,44.28,43.65,44.0,1054000.0
2005-04-06,44.26,44.78,44.18,44.56,929400.0
2005-04-07,44.3,44.72,43.85,44.71,2340800.0
2005-04-08,45.03,45.18,43.94,44.25,1695000.0
2005-04-11,44.25,44.51,44.02,44.21,669300.0
2005-04-12,44.21,44.31,43.55,44.31,1387900.0
2005-04-13,44.25,44.38,43.6,43.85,1836800.0
2005-04-14,43.85,44.02,43.33,43.36,1329100.0
2005-04-15,43.23,43.23,42.55,42.6,2455200.0
2005-04-18,42.5,42.96,41.97,41.97,1531500.0
2005-04-19,42.0,42.3,41.88,42.0,2176800.0
2005-04-20,42.15,42.55,41.78,42.05,2731300.0
2005-04-21,43.57,43.65,42.65,43.47,3838700.0
2005-04-22,43.4,43.5,42.22,42.61,2215000.0
2005-04-25,42.7,42.87,42.45,42.5,2223500.0
2005-04-26,42.15,42.16,41.72,41.85,1220900.0
2005-04-27,41.24,41.34,40.97,41.3,1927200.0
2005-04-28,40.78,41.65,40.72,41.15,946400.0
2005-04-29,41.18,42.04,40.87,42.02,1764200.0
2005-05-02,42.37,42.43,41.7,42.08,886900.0
2005-05-03,41.9,42.35,41.81,42.16,1231500.0
2005-05-04,42.22,43.23,42.19,43.03,861000.0
2005-05-05,43.1,43.59,42.91,42.91,589300.0
2005-05-06,42.95,43.07,42.54,42.58,755800.0
2005-05-09,42.55,42.78,42.36,42.76,794600.0
2005-05-10,42.4,42.73,42.17,42.33,558500.0
2005-05-11,42.4,42.51,41.9,42.49,848600.0
2005-05-12,42.42,42.75,42.05,42.7,844300.0
2005-05-13,42.7,43.23,42.59,42.88,993100.0
2005-05-16,42.88,43.99,42.88,43.95,1461500.0
2005-05-17,43.95,44.94,43.95,44.69,1435100.0
2005-05-18,44.6,45.62,44.41,45.28,2510300.0
2005-05-19,45.33,45.44,45.12,45.25,1364900.0
2005-05-20,45.0,45.24,44.81,45.07,887400.0
2005-05-23,45.2,45.62,45.0,45.44,1449100.0
2005-05-24,45.25,45.5,45.04,45.38,1756800.0
2005-05-25,45.32,45.55,44.9,44.9,1521400.0
2005-05-26,44.52,45.36,44.42,44.81,3230000.0
2005-05-27,45.03,45.0505,44.37,44.86,1326400.0
2005-05-31,44.8,46.15,44.58,46.11,2505300.0
2005-06-01,46.11,46.11,46.11,46.11,1804500.0
2005-06-02,45.95,46.3,45.86,46.28,1174700.0
2005-06-03,46.34,46.87,46.06,46.44,1701200.0
2005-06-06,46.37,46.8,46.06,46.52,2383300.0
2005-06-07,46.48,47.13,46.26,46.4,1614700.0
2005-06-08,46.35,46.92,45.91,45.91,1508200.0
2005-06-09,45.94,46.0785,45.23,45.93,1185200.0
2005-06-10,45.92,46.02,45.14,45.44,1404300.0
2005-06-13,45.43,46.21,45.25,45.6,1239400.0
2005-06-14,45.74,46.06,45.55,45.98,925100.0
2005-06-15,45.85,46.59,45.77,46.41,1599400.0
2005-06-16,46.03,48.06,46.03,47.74,2931300.0
2005-06-17,47.79,48.1,47.56,47.68,2070700.0
2005-06-20,47.35,47.38,46.91,47.27,1104700.0
2005-06-21,47.3,47.57,47.18,47.41,734800.0
2005-06-22,47.51,47.98,47.3,47.59,2230100.0
2005-06-23,47.7,48.3,47.52,47.68,1900800.0
2005-06-24,47.5,47.75,47.2,47.2,732200.0
2005-06-27,47.0,47.3,46.73,47.18,1202300.0
2005-06-28,47.13,48.24,46.73,47.85,1289500.0
2005-06-29,48.3,49.0,47.93,48.72,1690800.0
2005-06-30,48.85,48.85,48.1,48.36,1097200.0
2005-07-01,48.08,49.0,48.03,48.72,752100.0
2005-07-05,48.51,49.04,48.3,48.94,827700.0
2005-07-06,48.85,48.92,48.15,48.15,583900.0
2005-07-07,46.31,48.25,46.31,47.95,2492100.0
2005-07-08,47.9,49.32,47.9,48.98,2554100.0
2005-07-11,49.1,49.47,48.92,49.19,835700.0
2005-07-12,49.23,49.29,48.65,48.77,830700.0
2005-07-13,48.63,48.7,48.22,48.58,957200.0
2005-07-14,48.66,48.87,48.17,48.23,885600.0
2005-07-15,48.24,48.55,47.83,48.37,840300.0
2005-07-18,48.42,49.02,48.34,48.72,774400.0
2005-07-19,48.86,49.09,48.49,49.04,902900.0
2005-07-20,48.93,49.29,48.66,49.08,698500.0
2005-07-21,49.17,49.19,48.71,48.78,703600.0
2005-07-22,48.78,48.89,48.12,48.41,491600.0
2005-07-25,48.53,48.8,47.955,48.17,890600.0
2005-07-26,48.25,48.29,47.5,47.5,908600.0
2005-07-27,47.92,47.95,45.5,45.5,3657600.0
2005-07-28,46.16,46.19,45.12,45.4,2244900.0
2005-07-29,45.5,45.77,45.35,45.45,1207800.0
2005-08-01,45.66,45.78,44.95,45.08,1303600.0
2005-08-02,45.31,45.37,44.93,45.05,1049800.0
2005-08-03,45.56,45.67,45.06,45.2,1131600.0
2005-08-04,45.45,45.74,44.91,45.74,1118100.0
2005-08-05,45.99,46.48,45.56,45.73,1552100.0
2005-08-08,46.04,46.15,45.54,45.63,1080600.0
2005-08-09,45.73,46.34,45.73,46.18,1358300.0
2005-08-10,46.24,46.26,45.33,45.36,1446000.0
2005-08-11,45.27,45.29,44.68,45.25,2019100.0
2005-08-12,45.2,45.25,44.8,44.91,1290600.0
2005-08-15,44.85,44.9,44.58,44.78,972100.0
2005-08-16,44.57,44.73,43.89,44.03,3234100.0
2005-08-17,44.0,44.01,43.76,43.97,1137200.0
2005-08-18,43.92,44.74,43.91,44.4,1696500.0
2005-08-19,44.58,44.74,44.52,44.61,795100.0
2005-08-22,44.66,44.9,44.51,44.84,543100.0
2005-08-23,45.15,45.49,44.89,45.03,864700.0
2005-08-24,45.15,45.15,44.33,44.48,1020600.0
2005-08-25,44.58,44.71,43.82,44.02,1262900.0
2005-08-26,44.19,44.25,43.55,43.69,1110500.0
2005-08-29,43.79,44.04,42.75,43.96,1813700.0
2005-08-30,43.61,43.81,43.08,43.41,1138000.0
2005-08-31,43.55,43.65,42.48,42.72,2706800.0
2005-09-01,42.9,43.05,41.56,41.92,2419300.0
2005-09-02,42.4,42.72,41.72,41.91,1844200.0
2005-09-06,43.08,43.08,42.06,42.3,2319200.0
2005-09-07,42.55,42.68,42.3,42.45,2749100.0
2005-09-08,42.22,42.27,41.86,42.07,1871700.0
2005-09-09,42.14,42.3,41.75,41.88,1792500.0
2005-09-12,42.94,43.53,42.86,43.32,5166800.0
2005-09-13,43.35,43.5,42.82,42.85,2572100.0
2005-09-14,43.04,43.15,42.65,42.76,1992900.0
2005-09-15,42.75,42.96,42.5,42.5,1502100.0
2005-09-16,42.68,43.1,42.53,42.65,3801200.0
2005-09-19,42.85,43.29,42.75,43.25,2197200.0
2005-09-20,43.3,43.52,43.06,43.18,1819800.0
2005-09-21,42.98,42.99,42.05,42.15,2478300.0
2005-09-22,42.06,42.55,41.85,42.22,1372700.0
2005-09-23,42.22,43.15,42.18,42.76,1440300.0
2005-09-26,43.85,44.69,43.43,44.27,2692500.0
2005-09-27,43.95,43.96,43.19,43.49,1290300.0
2005-09-28,43.34,43.48,42.74,42.82,1036400.0
2005-09-29,42.75,42.83,42.1,42.4,1701200.0
2005-09-30,42.5,43.22,42.45,43.2,1467900.0
2005-10-03,43.0,44.02,42.74,43.31,1290900.0
2005-10-04,43.32,43.95,43.25,43.48,1524900.0
2005-10-05,43.31,43.52,42.85,42.89,1358400.0
2005-10-06,42.9,42.94,41.68,41.92,1784900.0
2005-10-07,42.0,42.19,41.8,41.8,1642500.0
2005-10-10,41.8,41.82,40.81,41.06,2079700.0
2005-10-11,41.07,41.355,40.76,40.77,2236200.0
2005-10-12,40.7,40.8,39.92,40.32,2342800.0
2005-10-13,39.83,40.65,39.82,40.56,1646900.0
2005-10-14,40.66,40.98,40.38,40.98,1038700.0
2005-10-17,40.48,40.48,40.12,40.25,1272800.0
2005-10-18,39.81,39.91,39.2,39.36,4118900.0
2005-10-19,38.79,40.19,38.59,40.03,2644200.0
2005-10-20,39.83,40.24,39.44,39.82,1853600.0
2005-10-21,39.81,40.25,39.45,39.63,1957200.0
2005-10-24,40.2,41.09,40.2,40.79,3287600.0
2005-10-25,40.49,41.08,40.17,40.98,1236700.0
2005-10-26,40.67,41.5,40.1,41.26,2157300.0
2005-10-27,41.03,41.13,40.45,40.63,1408300.0
2005-10-28,40.63,41.2,40.57,40.95,1180900.0
2005-10-31,41.1,41.6472,41.09,41.44,1921800.0
2005-11-01,41.28,41.76,41.13,41.22,1328900.0
2005-11-02,41.0,42.07,40.98,41.79,1535100.0
2005-11-03,41.98,42.68,41.91,42.5,1879600.0
2005-11-04,42.24,43.06,42.1801,43.02,2087600.0
2005-11-07,43.18,43.3,42.92,43.15,609600.0
2005-11-08,43.05,43.05,42.58,42.65,555300.0
2005-11-09,42.62,43.52,42.62,43.18,947700.0
2005-11-10,43.19,44.16,43.16,44.0,1581300.0
2005-11-11,43.81,44.79,43.81,44.77,1649000.0
2005-11-14,44.27,44.28,43.66,43.74,1176600.0
2005-11-15,43.73,44.29,43.71,43.71,1133500.0
2005-11-16,43.62,43.85,43.44,43.71,649400.0
2005-11-17,43.51,44.78,43.41,44.75,830600.0
2005-11-18,44.73,45.31,44.66,45.31,1459800.0
2005-11-21,45.31,45.31,44.46,45.08,1055600.0
2005-11-22,44.63,45.17,44.62,44.99,823000.0
2005-11-23,44.85,46.33,44.85,46.17,1861500.0
2005-11-25,45.98,46.04,45.71,45.75,227300.0
2005-11-28,45.98,46.06,45.75,45.81,977000.0
2005-11-29,45.81,46.08,45.66,46.01,994000.0
2005-11-30,45.95,46.14,45.75,45.86,895100.0
2005-12-01,46.09,47.1,46.09,46.96,1531000.0
2005-12-02,46.72,47.08,46.61,47.06,668900.0
2005-12-05,46.89,46.9,46.48,46.73,901300.0
2005-12-06,46.5,47.03,46.48,46.59,774100.0
2005-12-07,46.68,46.78,46.12,46.42,1392200.0
2005-12-08,46.62,46.64,46.2501,46.57,879800.0
2005-12-09,46.56,47.13,46.03,47.02,877000.0
2005-12-12,47.05,47.35,46.8,46.92,561400.0
2005-12-13,46.85,47.21,46.81,47.14,888700.0
2005-12-14,47.08,47.15,46.74,47.01,553900.0
2005-12-15,47.03,47.09,46.07,46.27,1240200.0
2005-12-16,45.77,45.78,44.0,44.11,4513600.0
2005-12-19,44.44,44.61,44.1,44.1,1398800.0
2005-12-20,44.57,44.6,44.21,44.36,863200.0
2005-12-21,44.54,44.8,44.32,44.66,1216300.0
2005-12-22,44.82,45.21,44.56,45.21,951600.0
2005-12-23,45.21,45.29,44.93,44.97,349700.0
2005-12-27,45.1,45.14,44.37,44.41,482700.0
2005-12-28,44.79,45.37,44.64,44.94,467000.0
2005-12-29,45.25,45.44,45.02,45.13,577300.0
2005-12-30,45.05,45.14,44.75,45.06,386600.0
2006-01-03,45.48,45.48,44.33,44.96,1759500.0
2006-01-04,45.19,45.3,44.38,44.8,1376200.0
2006-01-05,44.82,44.87,44.51,44.72,995300.0
2006-01-06,45.05,45.22,44.8,45.1,1119300.0
2006-01-09,45.25,45.49,45.16,45.49,737400.0
2006-01-10,45.01,45.28,44.75,45.21,738000.0
2006-01-11,45.21,45.38,44.84,44.85,1115800.0
2006-01-12,44.69,45.35,44.66,45.31,1352200.0
2006-01-13,45.31,45.94,45.3,45.75,687700.0
2006-01-17,45.7,45.71,44.4,44.46,1789200.0
2006-01-18,43.79,43.96,42.28,43.67,3610900.0
2006-01-19,42.84,43.17,42.66,42.9,1497300.0
2006-01-20,42.8,42.81,41.72,41.86,1732300.0
2006-01-23,42.27,42.45,41.7,41.84,898800.0
2006-01-24,42.04,42.25,41.59,41.9,1176700.0
2006-01-25,42.63,42.7,42.14,42.31,1114300.0
2006-01-26,42.61,42.75,41.72,41.97,1215400.0
2006-01-27,41.67,41.88,41.27,41.3,1139200.0
2006-01-30,41.3,41.5,41.15,41.27,1786800.0
2006-01-31,41.43,41.49,40.9,40.9,1374600.0
2006-02-01,40.88,41.83,40.59,41.56,2189600.0
2006-02-02,43.4,44.22,43.01,43.98,4890600.0
2006-02-03,43.77,44.41,43.73,44.3,1190200.0
2006-02-06,44.19,44.7,44.12,44.39,1343000.0
2006-02-07,44.2,44.35,43.41,43.49,937900.0
2006-02-08,43.47,43.65,42.84,43.6,2044800.0
2006-02-09,43.78,44.09,43.58,44.09,1638100.0
2006-02-10,44.1,44.44,43.98,44.34,1704800.0
2006-02-13,44.34,44.74,44.2,44.63,1454400.0
2006-02-14,44.58,45.85,44.48,45.66,2755900.0
2006-02-15,45.65,46.77,45.49,46.35,1783800.0
2006-02-16,46.15,46.67,46.02,46.61,845000.0
2006-02-17,46.4,46.72,45.79,45.9,2200700.0
2006-02-21,44.6,45.37,44.26,45.0,2496900.0
2006-02-22,45.0,45.2,44.87,45.0,1902800.0
2006-02-23,45.0,45.04,44.76,44.87,1868500.0
2006-02-24,44.86,44.87,44.44,44.5,1097500.0
2006-02-27,44.43,44.55,44.25,44.41,2223700.0
2006-02-28,44.35,44.35,43.99,44.06,1403900.0
2006-03-01,44.1,44.75,44.03,44.75,1557500.0
2006-03-02,44.13,44.61,44.13,44.55,1297400.0
2006-03-03,44.45,44.9,44.27,44.69,1136000.0
2006-03-06,44.72,44.76,43.6,43.73,1424500.0
2006-03-07,43.5,43.74,43.11,43.58,1536300.0
2006-03-08,43.42,43.7,43.16,43.2,1337800.0
2006-03-09,43.45,43.48,42.67,42.76,1187100.0
2006-03-10,43.02,43.41,42.93,43.09,1458600.0
2006-03-13,43.61,43.87,43.19,43.77,724100.0
2006-03-14,43.77,44.07,43.6,43.72,1091800.0
2006-03-15,43.88,43.93,43.3,43.53,1011400.0
2006-03-16,43.02,43.02,42.03,42.28,3231800.0
2006-03-17,42.53,42.55,42.2,42.45,1434400.0
2006-03-20,42.88,42.93,41.95,42.02,1708500.0
2006-03-21,42.24,42.3,41.86,41.99,1261000.0
2006-03-22,42.3,42.98,42.21,42.74,1265300.0
2006-03-23,42.0,42.1,40.8,41.1,4524400.0
2006-03-24,41.11,41.85,40.98,41.78,2761400.0
2006-03-27,41.78,42.18,41.78,42.12,1858300.0
2006-03-28,42.23,42.26,41.91,42.01,1400300.0
2006-03-29,42.01,42.46,41.96,42.27,1469700.0
2006-03-30,42.3,42.75,42.21,42.5,1541100.0
2006-03-31,42.29,42.65,41.6,42.02,1597300.0
2006-04-03,42.15,42.84,42.15,42.67,801800.0
2006-04-04,42.6,42.76,42.18,42.36,578700.0
2006-04-05,42.2699,42.36,41.96,42.04,888400.0
2006-04-06,42.05,42.18,41.51,42.16,1349700.0
2006-04-07,42.16,42.57,41.98,42.04,617500.0
2006-04-10,42.04,42.12,41.74,42.03,1022600.0
2006-04-11,42.0,42.01,41.57,41.81,1727900.0
2006-04-12,41.81,42.01,41.52,41.84,706800.0
2006-04-13,41.82,42.14,41.7,42.14,570800.0
2006-04-17,42.14,42.14,41.84,41.89,494000.0
2006-04-18,41.7,41.84,41.3208,41.67,1306600.0
2006-04-19,41.5,41.53,40.68,41.24,2501300.0
2006-04-20,40.85,41.73,40.4,41.55,3381300.0
2006-04-21,43.51,43.86,42.66,42.77,5952900.0
2006-04-24,42.78,42.87,42.15,42.45,1292200.0
2006-04-25,42.49,42.49,41.88,42.0,1360600.0
2006-04-26,42.27,42.37,42.12,42.15,579100.0
2006-04-27,42.1,42.15,41.85,42.03,832400.0
2006-04-28,41.86,41.98,41.5,41.79,697400.0
2006-05-01,41.79,42.05,41.27,41.33,887800.0
2006-05-02,41.66,41.98,41.63,41.89,969700.0
2006-05-03,42.03,42.09,41.73,42.04,636700.0
2006-05-04,42.52,42.94,42.33,42.66,1321100.0
2006-05-05,43.02,43.05,42.62,42.87,1068400.0
2006-05-08,43.13,43.29,42.86,43.01,1058400.0
2006-05-09,43.07,43.15,42.4,42.47,925100.0
2006-05-10,42.69,42.75,41.6,42.16,1357600.0
2006-05-11,42.17,42.25,41.52,41.64,763100.0
2006-05-12,41.62,41.63,40.64,40.85,1350900.0
2006-05-15,40.38,40.8,40.05,40.2,1482400.0
2006-05-16,39.22,39.5,37.03,37.54,7775500.0
2006-05-17,37.3,37.84,36.85,36.87,2299700.0
2006-05-18,36.97,37.57,36.97,36.98,1581700.0
2006-05-19,36.49,37.27,36.45,37.14,1422400.0
2006-05-22,36.38,36.63,36.01,36.43,2612200.0
2006-05-23,36.69,36.81,36.0,36.0,970500.0
2006-05-24,35.75,35.88,35.29,35.64,1399500.0
2006-05-25,35.75,36.15,35.75,35.93,771400.0
2006-05-26,35.98,35.98,35.29,35.29,970400.0
2006-05-30,35.61,35.87,35.33,35.69,983300.0
2006-05-31,35.88,38.13,35.76,38.08,5300900.0
2006-06-01,38.08,38.15,37.44,37.98,1829700.0
2006-06-02,38.0,39.1,38.0,38.98,1709400.0
2006-06-05,39.17,39.55,38.66,38.75,2735100.0
2006-06-06,37.6,38.1,37.2,37.32,2817100.0
2006-06-07,37.07,38.18,36.68,37.43,1936800.0
2006-06-08,36.6,36.93,35.58,36.18,3869500.0
2006-06-09,36.31,37.19,36.25,37.04,1288000.0
2006-06-12,36.1,36.64,35.25,36.37,1952800.0
2006-06-13,35.69,36.0,35.42,35.67,2526900.0
2006-06-14,35.32,35.97,35.0,35.42,1616700.0
2006-06-15,36.15,37.79,36.0,37.51,3543100.0
2006-06-16,37.31,38.0,36.82,37.65,3448600.0
2006-06-19,37.6,37.86,37.26,37.55,2485900.0
2006-06-20,37.29,37.6,37.29,37.5,1813500.0
2006-06-21,37.441,38.59,37.44,38.37,956100.0
2006-06-22,37.74,38.15,37.69,37.79,1353100.0
2006-06-23,37.82,38.04,37.72,37.8,562200.0
2006-06-26,37.89,38.19,37.65,38.08,566700.0
2006-06-27,37.88,38.15,37.64,37.74,663400.0
2006-06-28,37.48,37.66,37.35,37.6,944700.0
2006-06-29,37.6,38.6,37.6,38.59,812000.0
2006-06-30,38.2,38.61,38.06,38.25,657200.0
2006-07-03,38.36,38.8,38.26,38.49,438400.0
2006-07-05,38.28,38.29,37.74,38.01,601100.0
2006-07-06,38.12,38.39,37.85,38.0,434700.0
2006-07-07,37.87,38.03,37.61,37.9,493300.0
2006-07-10,37.65,37.85,37.21,37.34,1374200.0
2006-07-11,37.36,37.41,36.76,37.09,1830500.0
2006-07-12,37.13,37.25,36.15,36.26,1175300.0
2006-07-13,36.26,36.3,35.62,35.63,1591300.0
2006-07-14,35.72,35.79,35.26,35.79,1334100.0
2006-07-17,35.0,35.42,34.8,35.22,1425800.0
2006-07-18,34.86,35.26,34.27,34.46,2523100.0
2006-07-19,34.43,36.2,34.32,35.8,2873400.0
2006-07-20,35.87,35.89,34.63,34.64,1408100.0
2006-07-21,34.93,34.98,34.25,34.4,1344500.0
2006-07-24,34.72,35.12,34.61,34.95,1261700.0
2006-07-25,35.08,36.21,35.08,36.1,1530000.0
2006-07-26,36.1,36.17,35.4,36.05,1468500.0
2006-07-27,35.4,35.41,34.25,34.76,4635600.0
2006-07-28,35.05,35.07,34.25,34.57,1771300.0
2006-07-31,34.57,34.57,33.88,33.9,1710700.0
2006-08-01,33.9,33.9,33.28,33.62,2139200.0
2006-08-02,33.8999,34.82,33.847,34.7,1486600.0
2006-08-03,34.5,34.5,33.73,33.94,2352300.0
2006-08-04,34.3,34.93,34.24,34.83,1256900.0
2006-08-07,34.83,34.89,34.51,34.7,982800.0
2006-08-08,34.76,35.03,34.53,34.56,783100.0
2006-08-09,34.63,34.74,33.62,33.87,1609200.0
2006-08-10,33.5,34.14,33.29,33.88,2141900.0
2006-08-11,33.5,34.18,33.38,33.52,1463400.0
2006-08-14,33.2,33.31,32.58,32.8,1706500.0
2006-08-15,33.09,33.28,32.52,32.63,1586500.0
2006-08-16,32.64,33.68,32.61,33.59,1992200.0
2006-08-17,34.0,34.7,33.7,33.85,2882900.0
2006-08-18,33.9,34.35,33.52,34.32,1122600.0
2006-08-21,34.18,34.27,33.78,33.93,778800.0
2006-08-22,33.84,34.04,33.51,33.87,1481100.0
2006-08-23,33.68,33.93,33.41,33.63,613400.0
2006-08-24,33.7,33.7,32.54,32.65,1416200.0
2006-08-25,32.9,32.9,32.47,32.6,758600.0
2006-08-28,32.72,33.49,32.68,33.26,744700.0
2006-08-29,33.51,34.08,33.38,33.59,2029700.0
2006-08-30,33.71,34.35,33.66,33.82,1727900.0
2006-08-31,34.98,36.49,34.56,36.48,5471100.0
2006-09-01,36.48,37.43,36.36,36.97,3111100.0
2006-09-05,37.06,37.37,36.81,37.0,1647200.0
2006-09-06,36.66,36.86,36.37,36.5,1177800.0
2006-09-07,36.25,36.3,35.78,35.96,1200700.0
2006-09-08,36.04,36.53,35.83,36.33,1124100.0
2006-09-11,36.8,37.01,35.92,36.09,2326600.0
2006-09-12,36.27,37.8,36.21,37.73,2627700.0
2006-09-13,37.5,38.0,37.03,38.0,1931600.0
2006-09-14,37.71,38.0,37.25,37.78,2190300.0
2006-09-15,37.64,37.83,37.54,37.68,1817800.0
2006-09-18,37.15,37.54,36.86,36.89,1598800.0
2006-09-19,36.77,37.17,36.75,37.14,1212600.0
2006-09-20,37.51,37.92,37.03,37.15,1270500.0
2006-09-21,37.88,39.22,37.74,38.48,3356500.0
2006-09-22,38.05,38.64,38.01,38.5,1456300.0
2006-09-25,38.52,39.01,37.51,38.94,1719300.0
2006-09-26,38.75,38.98,38.32,38.75,1085000.0
2006-09-27,38.83,39.05,38.11,38.45,1019000.0
2006-09-28,38.85,39.14,38.65,38.99,1087000.0
2006-09-29,39.2,39.28,38.81,38.81,955900.0
2006-10-02,39.0,39.2,38.15,38.44,1044600.0
2006-10-03,38.24,39.4,38.06,38.97,916800.0
2006-10-04,39.02,39.48,38.98,39.38,1309600.0
2006-10-05,39.04,40.14,38.609,40.0,1566400.0
2006-10-06,40.0,40.0,39.1,39.65,1098700.0
2006-10-09,39.47,39.94,39.29,39.65,633100.0
2006-10-10,39.02,39.59,38.8,39.45,975000.0
2006-10-11,39.17,39.28,38.47,39.14,1242500.0
2006-10-12,39.19,39.94,39.18,39.7,767000.0
2006-10-13,39.37,40.2,39.28,40.16,1449600.0
2006-10-16,40.16,41.02,40.11,40.98,1404100.0
2006-10-17,40.47,41.06,40.04,41.06,2029600.0
2006-10-18,41.06,41.67,40.88,41.21,1921100.0
2006-10-19,41.21,41.21,40.83,40.86,461500.0
2006-10-20,40.83,40.92,40.4,40.85,747200.0
2006-10-23,40.94,41.49,40.86,41.3,792400.0
2006-10-24,41.19,41.34,41.03,41.16,686700.0
2006-10-25,41.17,41.2,40.18,40.49,1382700.0
2006-10-26,40.44,40.98,40.02,40.54,2173400.0
2006-10-27,40.18,41.02,39.92,40.37,1742200.0
2006-10-30,40.45,40.89,40.37,40.55,1589000.0
2006-10-31,40.9,41.24,40.03,40.5,2603400.0
2006-11-01,40.95,41.09,40.62,40.91,1378500.0
2006-11-02,40.75,41.63,40.5,41.34,2186700.0
2006-11-03,41.5,41.55,40.64,41.0,1015600.0
2006-11-06,41.0,41.44,40.9,41.1,574200.0
2006-11-07,40.97,41.27,40.73,40.93,971700.0
2006-11-08,40.91,41.62,40.85,41.26,989500.0
2006-11-09,41.5,41.56,40.73,41.05,1282400.0
2006-11-10,41.22,41.8,40.78,41.76,2187700.0
2006-11-13,41.69,42.7,41.61,42.52,2141800.0
2006-11-14,42.22,43.31,42.22,43.31,1712600.0
2006-11-15,43.2,43.47,42.88,43.08,1506400.0
2006-11-16,43.0,43.3,42.92,43.24,702600.0
2006-11-17,43.05,43.89,43.05,43.6,1230500.0
2006-11-20,43.73,43.8,43.38,43.47,982100.0
2006-11-21,43.41,43.51,43.23,43.49,643100.0
2006-11-22,43.55,43.97,43.54,43.92,700100.0
2006-11-24,43.7,43.7,43.3,43.57,304300.0
2006-11-27,43.6,43.63,42.63,43.0,1912700.0
2006-11-28,42.6,42.94,42.3445,42.64,998600.0
2006-11-29,42.85,43.04,42.15,42.25,1095900.0
2006-11-30,42.26,42.71,42.05,42.45,1043100.0
2006-12-01,42.58,42.6,41.25,41.55,1447300.0
2006-12-04,41.53,41.82,41.35,41.43,1380700.0
2006-12-05,41.52,41.72,41.3,41.57,587000.0
2006-12-06,41.74,41.85,41.38,41.45,817600.0
2006-12-07,41.5,41.59,40.95,41.24,918500.0
2006-12-08,41.31,41.43,41.03,41.03,580500.0
2006-12-11,41.03,41.08,40.26,40.47,1545800.0
2006-12-12,40.47,41.0299,40.25,40.33,896300.0
2006-12-13,40.37,40.54,40.08,40.33,606900.0
2006-12-14,40.3,40.6,39.98,40.17,1141900.0
2006-12-15,40.45,40.83,40.07,40.2,1232200.0
2006-12-18,40.55,40.77,40.22,40.54,1006600.0
2006-12-19,40.55,40.62,39.84,39.95,952300.0
2006-12-20,39.95,40.45,39.9,40.0,746400.0
2006-12-21,39.85,41.27,39.385,41.07,2846500.0
2006-12-22,41.17,41.5,40.98,41.16,1310700.0
2006-12-26,41.18,41.3,40.89,41.25,416600.0
2006-12-27,41.75,41.9,41.5,41.88,925500.0
2006-12-28,41.63,41.96,41.59,41.8,788800.0
2006-12-29,41.63,41.84,41.38,41.38,475800.0
2007-01-03,41.9,43.48,41.8,43.48,2279800.0
2007-01-04,43.48,43.86,43.17,43.8,1403900.0
2007-01-05,43.76,43.76,42.75,43.37,1114700.0
2007-01-08,43.75,43.98,43.451,43.79,1550600.0
2007-01-09,44.22,45.0,44.1,44.98,2620800.0
2007-01-10,44.76,44.88,44.29,44.4,1377100.0
2007-01-11,44.57,44.85,44.42,44.83,1586100.0
2007-01-12,44.81,45.01,44.35,44.75,914100.0
2007-01-16,44.74,44.98,44.37,44.48,900600.0
2007-01-17,44.69,44.98,44.16,44.3,1234800.0
2007-01-18,44.66,44.94,44.26,44.45,986700.0
2007-01-19,44.69,44.73,44.21,44.37,1150100.0
2007-01-22,44.47,44.57,44.19,44.5,934400.0
2007-01-23,44.5,44.69,43.97,44.15,1023500.0
2007-01-24,44.35,44.69,43.99,44.43,987300.0
2007-01-25,44.45,44.52,43.91,44.15,1048100.0
2007-01-26,44.48,44.74,44.32,44.58,927500.0
2007-01-29,44.95,45.0,44.75,44.9,937700.0
2007-01-30,44.9,45.56,44.87,45.45,1945300.0
2007-01-31,44.85,45.08,44.64,44.93,2132700.0
2007-02-01,45.43,45.58,45.01,45.39,1273600.0
2007-02-02,45.68,46.36,45.67,45.84,1606200.0
2007-02-05,44.91,45.1,43.1,43.51,4899200.0
2007-02-06,43.49,43.5,41.71,41.82,3461300.0
2007-02-07,42.19,42.3275,41.3,41.59,2092400.0
2007-02-08,41.77,41.95,41.62,41.7,1011200.0
2007-02-09,41.77,42.0,40.85,41.02,846200.0
2007-02-12,41.27,41.45,40.7,40.75,814600.0
2007-02-13,40.87,41.32,40.87,41.1,1029500.0
2007-02-14,41.05,41.3,40.75,41.3,978700.0
2007-02-15,41.3,41.39,40.54,40.65,1153600.0
2007-02-16,40.68,40.68,40.12,40.51,1161900.0
2007-02-20,40.66,40.92,40.57,40.86,916200.0
2007-02-21,40.73,40.84,40.63,40.73,572000.0
2007-02-22,40.7899,41.22,40.7,41.0,918100.0
2007-02-23,41.06,41.24,40.91,41.19,1311900.0
2007-02-26,41.35,41.87,41.35,41.4,2086700.0
2007-02-27,40.81,41.29,40.0,40.57,1717300.0
2007-02-28,40.57,40.71,39.85,40.53,1905200.0
2007-03-01,40.0,40.01,39.13,39.75,2245100.0
2007-03-02,39.78,40.6,39.67,39.95,2037300.0
2007-03-05,39.2988,39.51,38.97,38.97,1211700.0
2007-03-06,39.05,40.4,39.02,40.28,1878000.0
2007-03-07,40.28,40.33,39.73,39.84,1028000.0
2007-03-08,40.2,40.99,40.2,40.61,992600.0
2007-03-09,40.95,40.95,40.43,40.77,737100.0
2007-03-12,40.8,41.99,40.75,41.88,2057200.0
2007-03-13,41.46,41.66,40.95,41.04,2005600.0
2007-03-14,40.77,40.95,40.08,40.64,2312900.0
2007-03-15,40.48,41.33,40.45,40.79,1401200.0
2007-03-16,41.2,41.85,41.15,41.78,1693300.0
2007-03-19,42.0,42.17,41.74,42.17,1044700.0
2007-03-20,41.89,42.02,41.39,41.63,1343200.0
2007-03-21,41.8,43.62,41.8,43.52,1773000.0
2007-03-22,43.3,43.84,42.73,43.5,1558400.0
2007-03-23,43.17,43.86,43.06,43.62,1342100.0
2007-03-26,43.4,43.4,42.68,43.03,1248400.0
2007-03-27,42.81,43.02,42.64,42.7,839200.0
2007-03-28,42.6,42.6,41.72,41.89,1342000.0
2007-03-29,42.51,42.85,42.13,42.25,1540700.0
2007-03-30,42.15,42.48,42.03,42.16,1394700.0
2007-04-02,42.38,42.48,42.0,42.12,849000.0
2007-04-03,42.33,42.85,42.18,42.65,1119200.0
2007-04-04,42.83,43.07,42.67,42.7,1034300.0
2007-04-05,42.67,42.7,42.31,42.54,509000.0
2007-04-09,42.56,42.89,42.32,42.49,727800.0
2007-04-10,42.74,42.8,41.97,42.07,1287100.0
2007-04-11,42.0,42.01,40.95,41.13,2429400.0
2007-04-12,41.14,41.79,40.86,41.44,1347200.0
2007-04-13,41.4,41.63,40.84,41.18,1419100.0
2007-04-16,41.53,41.94,41.45,41.87,1123100.0
2007-04-17,42.17,42.17,41.61,41.9,819300.0
2007-04-18,41.7,42.45,41.64,42.21,1394300.0
2007-04-19,41.9,41.92,41.1,41.26,1639900.0
2007-04-20,41.35,41.95,41.01,41.01,1610000.0
2007-04-23,41.1,41.3098,40.9,41.0,1029300.0
2007-04-24,41.38,41.42,40.57,41.02,1264100.0
2007-04-25,41.34,42.43,41.28,42.16,1766600.0
2007-04-26,42.07,42.59,41.94,42.39,1474800.0
2007-04-27,42.22,42.6,42.12,42.45,1520100.0
2007-04-30,42.45,42.59,41.43,41.57,1891700.0
2007-05-01,41.82,42.36,41.15,41.98,2418300.0
2007-05-02,41.71,41.91,41.28,41.75,1935200.0
2007-05-03,41.53,42.56,41.2,41.3,1334800.0
2007-05-04,41.54,41.81,40.87,41.03,1552500.0
2007-05-07,41.19,41.2,40.85,41.07,1679000.0
2007-05-08,41.19,41.19,40.71,41.1,884700.0
2007-05-09,41.1,42.01,40.85,41.9,1408500.0
2007-05-10,41.57,42.39,41.51,41.86,2021900.0
2007-05-11,42.04,42.81,41.94,42.79,1478400.0
2007-05-14,42.57,42.63,41.61,42.0,1195900.0
2007-05-15,42.06,42.5,41.66,41.68,1047100.0
2007-05-16,41.86,42.09,41.6,41.93,704000.0
2007-05-17,41.65,41.73,40.62,40.73,1955600.0
2007-05-18,40.86,42.34,40.7,42.02,2325800.0
2007-05-21,41.79,42.33,41.62,42.21,1081400.0
2007-05-22,42.25,43.03,42.25,42.96,2670500.0
2007-05-23,43.0,43.29,42.41,42.41,1306100.0
2007-05-24,42.37,42.77,42.08,42.4,1963500.0
2007-05-25,42.69,42.94,42.39,42.65,813100.0
2007-05-29,43.35,43.43,42.67,42.98,1318600.0
2007-05-30,42.69,42.78,42.25,42.7,1049400.0
2007-05-31,42.91,43.54,42.57,43.48,1335400.0
2007-06-01,43.46,43.99,43.44,43.7,982500.0
2007-06-04,43.61,44.3,43.52,44.19,1598100.0
2007-06-05,44.19,45.17,44.14,44.95,1875900.0
2007-06-06,44.49,44.82,44.35,44.63,3079300.0
2007-06-07,44.12,44.57,43.19,43.6,2944900.0
2007-06-08,43.38,43.4,42.0,42.59,2377800.0
2007-06-11,42.74,43.27,42.7,43.06,1379900.0
2007-06-12,42.74,43.45,42.56,42.7,1478900.0
2007-06-13,42.99,43.05,42.44,42.87,1359300.0
2007-06-14,42.87,43.2,42.17,42.44,1735700.0
2007-06-15,42.68,42.78,42.03,42.26,1797800.0
2007-06-18,42.39,42.46,41.35,41.49,2059500.0
2007-06-19,41.1,41.95,41.06,41.57,2475800.0
2007-06-20,41.78,42.34,41.64,41.93,1136200.0
2007-06-21,41.81,41.92,41.04,41.43,1540700.0
2007-06-22,41.36,42.27,41.17,42.27,6821200.0
2007-06-25,42.21,43.2,41.9603,42.66,2077800.0
2007-06-26,42.64,42.73,42.22,42.22,1021600.0
2007-06-27,41.82,42.78,41.8,42.69,1858900.0
2007-06-28,42.7,43.44,42.64,43.19,800600.0
2007-06-29,42.74,42.98,42.67,42.98,1336900.0
2007-07-02,42.95,42.95,42.25,42.56,1179900.0
2007-07-03,42.71,42.85,42.37,42.58,419300.0
2007-07-05,42.58,42.82,42.44,42.65,616800.0
2007-07-06,42.68,42.76,42.35,42.69,1025500.0
2007-07-09,42.5,42.67,41.8,42.51,2073600.0
2007-07-10,42.15,42.42,41.99,42.13,1452100.0
2007-07-11,41.93,41.93,40.87,41.01,1895400.0
2007-07-12,41.0,41.11,40.13,40.39,2243400.0
2007-07-13,41.0,41.3,40.95,41.18,2249700.0
2007-07-16,41.2,41.23,40.69,40.91,1179300.0
2007-07-17,40.73,40.85,40.28,40.69,1711300.0
2007-07-18,40.75,41.01,40.3,40.56,1087700.0
2007-07-19,40.7,40.82,40.45,40.6,500100.0
2007-07-20,40.66,40.71,39.88,39.99,1329000.0
2007-07-23,39.99,40.28,39.42,40.04,2081500.0
2007-07-24,39.95,40.51,39.7,39.93,1492800.0
2007-07-25,39.71,40.6,39.13,40.56,1652800.0
2007-07-26,38.57,40.77,38.1,39.52,4078700.0
2007-07-27,38.83,39.04,37.88,38.33,1952100.0
2007-07-30,38.41,38.79,37.76,38.45,1174400.0
2007-07-31,38.84,39.29,38.32,38.53,1762300.0
2007-08-01,38.24,38.76,37.65,37.96,1716600.0
2007-08-02,38.18,38.25,37.74,38.1,1616600.0
2007-08-03,37.79,37.87,36.17,36.36,1977900.0
2007-08-06,36.81,37.77,36.5,37.72,1866100.0
2007-08-07,37.41,39.87,37.29,39.57,1800200.0
2007-08-08,39.66,40.95,39.63,40.89,1839600.0
2007-08-09,39.36,42.36,39.33,40.99,2661000.0
2007-08-10,40.09,40.93,39.68,40.37,2232500.0
2007-08-13,40.8,40.82,39.06,39.45,1801500.0
2007-08-14,39.4,39.49,37.89,37.91,1220100.0
2007-08-15,37.27,37.54,36.1,36.35,1760000.0
2007-08-16,35.87,36.67,33.88,36.17,3470500.0
2007-08-17,37.3,39.38,36.52,38.7,2846900.0
2007-08-20,38.6,38.81,37.8,38.1,1135500.0
2007-08-21,37.72,38.71,37.51,38.44,1561000.0
2007-08-22,38.72,39.69,38.72,39.41,1560300.0
2007-08-23,39.61,39.71,38.57,39.07,1470500.0
2007-08-24,39.18,39.35,38.26,39.25,1129600.0
2007-08-27,39.08,39.42,38.51,38.71,1534900.0
2007-08-28,38.58,38.77,37.37,37.52,1494700.0
2007-08-29,37.94,38.15,36.9,37.55,1025000.0
2007-08-30,37.53,38.26,37.09,37.42,1230300.0
2007-08-31,38.12,38.24,37.71,38.03,1158100.0
2007-09-04,38.19,38.33,37.75,37.94,1520500.0
2007-09-05,37.48,38.17,37.33,37.91,1982300.0
2007-09-06,37.73,38.12,37.59,37.98,1618200.0
2007-09-07,37.52,37.52,36.27,36.94,2068600.0
2007-09-10,37.17,37.2,35.95,36.17,1636300.0
2007-09-11,36.69,36.81,36.27,36.77,1134000.0
2007-09-12,36.69,37.13,36.02,36.21,1271400.0
2007-09-13,36.53,36.76,35.99,36.49,1088300.0
2007-09-14,36.02,36.98,35.9,36.87,1331900.0
2007-09-17,36.6,36.7,36.28,36.51,1512400.0
2007-09-18,36.34,38.46,36.34,38.0,2848800.0
2007-09-19,38.1,38.52,37.7,38.4,1898900.0
2007-09-20,38.65,40.0,38.5,38.54,3793100.0
2007-09-21,39.05,39.73,38.83,39.26,2644900.0
2007-09-24,39.71,40.65,39.21,39.45,2725400.0
2007-09-25,39.28,39.39,38.73,38.82,1801600.0
2007-09-26,39.08,39.43,38.53,38.74,1481700.0
2007-09-27,39.2,39.7,39.1,39.65,1834700.0
2007-09-28,39.46,39.56,38.67,39.03,1507500.0
2007-10-01,38.7,39.99,38.7,39.72,1684500.0
2007-10-02,40.02,40.58,39.72,39.89,1044800.0
2007-10-03,40.14,40.27,39.11,39.25,1198300.0
2007-10-04,39.18,39.36,38.57,38.63,1004000.0
2007-10-05,38.8,39.73,38.8,39.4,1578800.0
2007-10-08,39.39,40.13,39.26,40.05,878700.0
2007-10-09,40.15,41.35,40.0,41.35,1556000.0
2007-10-10,41.96,42.98,41.82,42.1,2964900.0
2007-10-11,42.2,42.49,41.33,41.42,1078100.0
2007-10-12,41.61,41.89,41.24,41.35,1408000.0
2007-10-15,41.16,41.23,40.14,40.26,1263000.0
2007-10-16,40.2,40.23,39.5,39.97,1705300.0
2007-10-17,40.51,40.6,39.53,40.15,1049800.0
2007-10-18,40.15,40.27,39.12,39.87,1343200.0
2007-10-19,39.62,39.98,39.0,39.25,1048400.0
2007-10-22,40.25,43.0899,39.89,42.26,8731200.0
2007-10-23,42.53,43.5,42.12,43.0,4384700.0
2007-10-24,42.19,43.04,42.08,42.24,2453600.0
2007-10-25,42.07,42.15,41.07,41.55,2465700.0
2007-10-26,41.77,42.08,41.13,42.08,1220900.0
2007-10-29,42.27,42.89,42.04,42.8,4820100.0
2007-10-30,42.61,42.86,42.53,42.7,753200.0
2007-10-31,42.5,43.01,42.08,42.88,1481300.0
2007-11-01,41.86,42.4,41.44,41.75,1788700.0
2007-11-02,42.02,42.07,40.34,40.91,1500600.0
2007-11-05,41.05,41.05,40.07,40.61,872500.0
2007-11-06,40.93,40.94,39.9,40.51,898900.0
2007-11-07,40.885,40.89,39.24,39.28,1263500.0
2007-11-08,39.64,39.74,38.64,39.37,2029500.0
2007-11-09,38.94,39.02,37.92,38.08,1510000.0
2007-11-12,37.96,38.89,37.37,37.8,1984700.0
2007-11-13,38.24,40.28,38.19,40.21,1500700.0
2007-11-14,39.99,40.1,38.86,38.9,1446800.0
2007-11-15,38.49,40.19,38.38,39.67,1493700.0
2007-11-16,39.22,40.05,38.97,40.0,1404300.0
2007-11-19,39.21,39.81,38.61,39.71,2048400.0
2007-11-20,39.99,40.17,39.05,39.76,1420300.0
2007-11-21,38.79,39.08,38.05,38.16,1866200.0
2007-11-23,38.01,38.3,37.75,38.09,605100.0
2007-11-26,38.1,38.31,37.38,37.65,1531100.0
2007-11-27,37.99,38.69,37.66,38.69,1788500.0
2007-11-28,38.9,39.78,38.75,39.73,2009600.0
2007-11-29,39.07,39.59,38.49,39.32,1343900.0
2007-11-30,39.34,40.59,39.34,40.56,1439200.0
2007-12-03,40.0,40.7,40.0,40.43,1626700.0
2007-12-04,39.59,40.61,39.59,40.18,1321600.0
2007-12-05,40.44,41.04,40.09,40.54,1912500.0
2007-12-06,40.43,42.23,40.43,42.14,1644900.0
2007-12-07,41.72,42.36,41.67,42.06,1157100.0
2007-12-10,42.28,43.43,42.01,43.17,1349100.0
2007-12-11,43.05,43.96,41.9601,42.3,1849200.0
2007-12-12,42.99,43.14,41.2,41.45,2150900.0
2007-12-13,41.37,42.0,40.64,41.92,1510600.0
2007-12-14,41.45,41.72,40.96,41.24,814000.0
2007-12-17,40.74,41.52,40.59,40.91,1281800.0
2007-12-18,41.32,41.59,40.57,41.34,1280400.0
2007-12-19,40.98,41.82,40.88,40.9,2171900.0
2007-12-20,41.84,42.88,41.44,42.78,2382400.0
2007-12-21,42.39,43.88,42.39,43.23,1234400.0
2007-12-24,42.7,43.89,42.7,43.6,361678.0
2007-12-26,43.34,43.77,42.35,43.42,807000.0
2007-12-27,42.87,43.38,42.43,42.5,1083200.0
2007-12-28,42.31,43.03,42.13,42.61,1197300.0
2007-12-31,42.8,43.12,42.01,42.44,522200.0
2008-01-02,42.59,42.59,40.97,41.3,1862100.0
2008-01-03,41.45,41.67,40.49,40.73,1537400.0
2008-01-04,40.03,40.07,38.5,38.77,2889300.0
2008-01-07,38.87,38.95,36.38,37.12,4804800.0
2008-01-08,37.66,37.96,35.4,35.55,3460100.0
2008-01-09,35.74,35.74,33.49,34.64,5923900.0
2008-01-10,34.17,37.0,34.16,36.35,3963200.0
2008-01-11,36.31,36.41,34.31,34.47,2700900.0
2008-01-14,35.14,35.14,33.53,33.82,2351900.0
2008-01-15,32.99,33.1,32.01,32.57,3330400.0
2008-01-16,33.7,34.84,32.63,33.98,4803800.0
2008-01-17,33.76,34.29,32.58,32.81,1911400.0
2008-01-18,33.28,34.67,33.05,34.21,4080700.0
2008-01-22,32.66,35.43,32.21,35.07,4286200.0
2008-01-23,34.07,37.61,33.82,37.34,4761400.0
2008-01-24,37.51,38.82,37.31,38.45,3616000.0
2008-01-25,38.19,38.79,36.7,36.77,3053700.0
2008-01-28,37.02,39.02,36.92,38.87,2124000.0
2008-01-29,37.86,38.91,36.5,38.69,5069200.0
2008-01-30,39.36,39.75,38.0,38.14,3417500.0
2008-01-31,37.87,40.94,37.41,40.22,2284500.0
2008-02-01,40.675,41.99,40.14,41.85,2730700.0
2008-02-04,41.64,41.87,38.46,39.18,2693000.0
2008-02-05,38.0,38.51,36.71,36.83,3664200.0
2008-02-06,37.61,38.67,36.8,37.33,2891300.0
2008-02-07,36.77,38.18,36.69,38.0,2283200.0
2008-02-08,37.42,38.54,37.11,37.99,1477700.0
2008-02-11,38.0,38.95,37.66,38.9,1459400.0
2008-02-12,39.02,40.15,38.59,39.55,2358000.0
2008-02-13,39.52,40.26,39.28,39.95,1779800.0
2008-02-14,40.55,40.55,39.44,39.63,3032100.0
2008-02-15,39.53,39.58,38.6,38.64,2032700.0
2008-02-19,39.14,39.14,36.75,37.1,4306700.0
2008-02-20,37.05,38.1,36.78,38.04,2144800.0
2008-02-21,37.85,37.95,36.5,36.75,2217000.0
2008-02-22,37.09,37.35,36.27,37.35,1172100.0
2008-02-25,37.31,38.05,36.8954,37.91,1255700.0
2008-02-26,37.55,38.38,37.53,38.06,1275200.0
2008-02-27,37.55,38.7,37.5,38.08,1361700.0
2008-02-28,37.6,37.6,36.0,36.5,1966100.0
2008-02-29,36.5,36.5,34.82,35.01,2254300.0
2008-03-03,35.33,35.59,34.47,34.87,1543500.0
2008-03-04,35.29,35.66,34.51,35.55,2965500.0
2008-03-05,35.93,36.47,34.58,35.19,2069400.0
2008-03-06,35.1,35.19,33.8,33.84,1890200.0
2008-03-07,33.61,34.11,32.99,33.17,2273200.0
2008-03-10,33.1,33.2,31.37,31.54,2737300.0
2008-03-11,32.66,33.11,31.78,32.48,3172100.0
2008-03-12,32.3,33.94,32.29,33.22,3220400.0
2008-03-13,32.52,33.88,31.4,33.85,3137900.0
2008-03-14,33.46,33.46,31.47,32.19,3176900.0
2008-03-17,31.35,31.68,30.22,30.56,3396200.0
2008-03-18,31.11,32.61,30.76,32.04,3211800.0
2008-03-19,31.885,32.6,30.95,31.4,3343200.0
2008-03-20,31.59,35.09,31.4,34.75,5301600.0
2008-03-24,35.1,36.29,34.88,35.13,3588500.0
2008-03-25,35.12,36.02,34.46,35.6,2831400.0
2008-03-26,35.11,35.14,33.91,34.0,3038500.0
2008-03-27,34.32,34.5,33.11,33.11,1994400.0
2008-03-28,33.28,33.5,32.03,32.4,2792200.0
2008-03-31,32.77,33.13,32.08,32.9,2556000.0
2008-04-01,33.15,35.98,33.15,35.85,3032200.0
2008-04-02,35.24,35.67,34.55,34.7,1861700.0
2008-04-03,34.03,35.08,32.91,35.02,2802600.0
2008-04-04,34.7,34.71,33.91,34.17,985100.0
2008-04-07,34.47,35.03,33.85,34.28,1340000.0
2008-04-08,34.19,34.19,33.31,33.49,1038700.0
2008-04-09,33.98,34.0,32.15,32.5,1878300.0
2008-04-10,32.69,33.53,32.44,33.03,1413400.0
2008-04-11,32.78,32.97,32.1,32.23,977700.0
2008-04-14,32.51,32.6,31.42,31.8,1255200.0
2008-04-15,32.31,32.41,31.13,31.62,1440800.0
2008-04-16,32.54,33.28,32.26,33.26,1978100.0
2008-04-17,32.7,33.56,32.69,33.32,1133600.0
2008-04-18,34.37,35.15,33.32,34.7,2260800.0
2008-04-21,34.82,34.86,33.41,33.48,1718900.0
2008-04-22,33.61,33.61,31.66,32.23,2551300.0
2008-04-23,31.91,32.94,31.81,32.75,2461500.0
2008-04-24,31.44,32.22,30.11,31.59,7518000.0
2008-04-25,31.13,31.53,30.79,31.47,2175400.0
2008-04-28,31.08,31.55,31.08,31.16,1428500.0
2008-04-29,31.4,32.18,31.31,32.06,1915400.0
2008-04-30,32.14,32.86,31.62,31.9,1855900.0
2008-05-01,31.7,33.24,31.51,33.19,3361100.0
2008-05-02,33.74,33.78,31.8,32.01,3472400.0
2008-05-05,32.2,32.32,31.61,32.03,2452400.0
2008-05-06,32.04,32.04,31.36,31.8,2060800.0
2008-05-07,31.8,32.54,30.94,31.04,1439300.0
2008-05-08,31.33,31.53,30.89,31.05,1959600.0
2008-05-09,30.76,31.15,30.46,30.76,1056100.0
2008-05-12,31.23,31.43,30.71,31.16,1991300.0
2008-05-13,30.95,31.16,30.04,30.31,3566800.0
2008-05-14,30.38,31.28,30.25,30.81,2991400.0
2008-05-15,30.7,31.69,30.46,31.54,1998100.0
2008-05-16,31.59,31.59,30.49,30.74,1890800.0
2008-05-19,31.1,31.82,30.99,31.23,2513200.0
2008-05-20,30.99,31.01,29.14,29.84,4138800.0
2008-05-21,29.71,29.83,27.86,28.05,4345100.0
2008-05-22,28.39,28.98,28.2,28.48,2308600.0
2008-05-23,27.78,27.79,26.88,27.23,3332500.0
2008-05-27,28.5,28.63,27.53,28.27,3531900.0
2008-05-28,29.0,30.09,28.89,30.09,6074500.0
2008-05-29,29.45,30.21,29.43,29.82,2028800.0
2008-05-30,29.66,29.86,29.3,29.72,2259200.0
2008-06-02,29.75,30.74,29.75,30.41,3526400.0
2008-06-03,30.32,30.35,28.72,28.99,3447600.0
2008-06-04,28.85,29.45,28.16,28.42,3242500.0
2008-06-05,28.62,29.21,28.46,28.74,2238900.0
2008-06-06,28.17,28.17,27.27,27.4,2933400.0
2008-06-09,27.66,27.84,27.18,27.45,2591000.0
2008-06-10,27.04,27.75,26.8,27.3,1386900.0
2008-06-11,26.74,27.0,26.13,26.26,2558100.0
2008-06-12,26.66,26.94,26.27,26.57,2468400.0
2008-06-13,26.91,27.07,26.13,26.57,1737100.0
2008-06-16,26.34,26.34,25.37,25.43,3779600.0
2008-06-17,25.84,25.98,25.4,25.67,3274100.0
2008-06-18,25.16,25.42,24.75,25.29,4264400.0
2008-06-19,24.56,26.43,24.54,26.29,3564500.0
2008-06-20,24.73,25.77,24.67,24.89,3952600.0
2008-06-23,24.97,25.01,24.03,24.25,2394900.0
2008-06-24,24.07,24.28,23.56,23.72,3174400.0
2008-06-25,24.14,25.35,23.95,25.13,3715600.0
2008-06-26,24.33,24.51,23.22,23.35,4270800.0
2008-06-27,23.18,23.28,22.38,22.45,4444100.0
2008-06-30,22.4,23.12,22.15,22.47,1860100.0
2008-07-01,21.77,22.22,21.22,21.91,2892300.0
2008-07-02,22.58,22.58,21.58,21.59,2312800.0
2008-07-03,21.79,22.0,21.46,21.57,1425100.0
2008-07-07,22.34,22.41,21.35,22.03,2159900.0
2008-07-08,22.62,23.37,21.85,23.3,3755000.0
2008-07-09,23.57,23.6,21.19,21.34,3273300.0
2008-07-10,21.35,21.54,20.04,20.45,3325500.0
2008-07-11,20.23,20.37,19.42,19.94,2429900.0
2008-07-14,20.23,20.51,19.7,19.77,1766200.0
2008-07-15,19.85,20.58,19.16,20.08,3656000.0
2008-07-16,19.92,22.19,19.66,22.19,4216000.0
2008-07-17,22.44,25.14,21.92,24.57,6114000.0
2008-07-18,24.34,24.52,23.46,24.11,2503700.0
2008-07-21,23.575,23.89,22.43,22.7,3359900.0
2008-07-22,22.28,27.09,22.07,26.74,9435600.0
2008-07-23,26.29,28.75,26.23,27.47,9408400.0
2008-07-24,26.86,27.04,25.39,25.75,2954600.0
2008-07-25,25.82,26.78,25.58,26.0,3300100.0
2008-07-28,25.67,25.96,24.35,24.35,2034000.0
2008-07-29,24.89,26.7596,24.71,26.18,3219800.0
2008-07-30,26.18,26.7,25.09,25.7,3036400.0
2008-07-31,25.39,26.1,25.14,25.48,3091500.0
2008-08-01,26.12,26.19,25.0,25.24,1703800.0
2008-08-04,26.02,26.41,25.33,26.36,2730300.0
2008-08-05,26.93,29.05,26.87,29.03,5174400.0
2008-08-06,28.2,28.53,27.38,28.39,3277600.0
2008-08-07,27.42,28.03,26.99,27.11,2751300.0
2008-08-08,27.41,29.11,27.25,28.98,2923200.0
2008-08-11,28.38,30.35,28.37,29.4,4553200.0
2008-08-12,28.84,29.98,28.55,28.63,4364300.0
2008-08-13,28.7,28.86,27.44,28.04,4688600.0
2008-08-14,27.77,29.59,27.76,29.25,2376600.0
2008-08-15,29.02,29.95,28.83,29.22,2438100.0
2008-08-18,29.37,29.37,27.72,28.08,2797600.0
2008-08-19,27.88,28.09,26.8,26.98,2233400.0
2008-08-20,26.85,27.11,25.73,26.17,3180100.0
2008-08-21,25.79,26.02,25.26,25.79,2733600.0
2008-08-22,26.54,26.97,25.99,26.93,1703200.0
2008-08-25,26.57,26.86,26.01,26.26,2453400.0
2008-08-26,26.3,26.61,25.51,25.83,1335400.0
2008-08-27,25.57,26.52,25.35,26.1,1579900.0
2008-08-28,26.31,27.28,26.2,27.23,1427000.0
2008-08-29,26.46,27.57,26.38,27.18,1288100.0
2008-09-02,28.12,29.9,28.12,28.77,6466800.0
2008-09-03,28.3,29.54,28.25,29.51,2836200.0
2008-09-04,28.52,28.77,28.18,28.3,2527200.0
2008-09-05,27.75,28.84,27.43,28.63,2568000.0
2008-09-08,28.36,28.74,27.49,28.46,4344900.0
2008-09-09,28.27,29.34,28.13,28.29,4556900.0
2008-09-10,28.0,28.19,26.6,27.12,4876100.0
2008-09-11,26.22,27.82,25.84,27.49,2995600.0
2008-09-12,27.06,27.88,26.675,27.68,1991800.0
2008-09-15,26.5,28.55,26.5,27.29,3095400.0
2008-09-16,25.75,27.82,25.67,27.28,2974300.0
2008-09-17,26.36,26.7,23.81,24.6,4557600.0
2008-09-18,24.29,25.88,23.27,25.31,6565100.0
2008-09-19,26.49,26.74,24.75,25.94,4231200.0
2008-09-22,26.49,26.49,23.6,23.7,3023900.0
2008-09-23,24.29,24.47,23.47,23.64,1608700.0
2008-09-24,23.51,23.95,23.26,23.39,1487000.0
2008-09-25,23.56,23.63,22.41,22.64,3447400.0
2008-09-26,22.35,22.44,20.9,21.48,4313300.0
2008-09-29,20.73,20.77,19.04,19.54,4322700.0
2008-09-30,19.72,20.75,19.3,20.75,2486000.0
2008-10-01,20.56,21.34,20.29,21.26,2772400.0
2008-10-02,20.61,21.09,19.97,20.27,3300600.0
2008-10-03,20.11,20.65,19.13,19.13,3755500.0
2008-10-06,18.36,18.45,16.25,17.37,4529100.0
2008-10-07,17.63,17.97,15.5,15.61,5797000.0
2008-10-08,15.51,16.67,14.85,15.29,5679900.0
2008-10-09,16.28,16.28,14.39,14.76,4773900.0
2008-10-10,14.36,15.42,12.72,14.0,12958500.0
2008-10-13,14.84,17.99,14.79,17.46,8173800.0
2008-10-14,18.24,19.51,17.85,18.83,7344500.0
2008-10-15,17.8,18.44,16.73,16.97,4655400.0
2008-10-16,17.43,18.5,16.04,18.35,5842300.0
2008-10-17,17.13,19.45,17.13,18.88,3420900.0
2008-10-20,19.2,20.78,18.8,20.71,3363600.0
2008-10-21,19.69,20.31,18.59,18.68,4259700.0
2008-10-22,17.88,18.33,16.4,17.13,3831400.0
2008-10-23,17.26,17.39,15.03,16.1,4218500.0
2008-10-24,14.71,15.91,14.26,15.64,2833900.0
2008-10-27,14.72,15.53,14.39,14.6,4781200.0
2008-10-28,15.69,15.69,11.75,15.33,9894500.0
2008-10-29,15.85,17.01,15.57,16.14,2846200.0
2008-10-30,16.59,16.95,15.15,15.5,3311200.0
2008-10-31,14.27,14.72,12.25,13.56,8539600.0
2008-11-03,14.02,14.4,13.7,14.32,3741800.0
2008-11-04,15.28,15.5,14.83,15.48,3045500.0
2008-11-05,15.26,15.26,13.81,13.9,1902100.0
2008-11-06,14.16,14.27,12.65,12.89,2333100.0
2008-11-07,13.13,13.13,11.63,12.0,4462300.0
2008-11-10,12.76,12.76,11.27,11.46,2013100.0
2008-11-11,11.51,11.67,10.64,11.3,3175300.0
2008-11-12,11.04,11.56,10.97,11.01,3032000.0
2008-11-13,11.19,11.33,9.92,11.33,5816200.0
2008-11-14,10.93,11.26,10.27,10.42,2741700.0
2008-11-17,10.42,10.46,9.58,9.83,3118600.0
2008-11-18,9.88,10.29,9.41,9.5,3229200.0
2008-11-19,9.43,9.45,7.788,7.85,4398800.0
2008-11-20,7.95,8.0,6.76,6.92,8015800.0
2008-11-21,7.42,7.61,5.97,6.64,7330200.0
2008-11-24,7.43,8.58,7.0,8.08,8753600.0
2008-11-25,8.34,8.76,8.04,8.7,8189900.0
2008-11-26,8.54,9.59,8.28,9.2,6635800.0
2008-11-28,9.33,9.7701,9.22,9.42,3230000.0
2008-12-01,9.0,9.08,8.58,8.74,5080100.0
2008-12-02,9.0,9.2,8.83,9.16,3870200.0
2008-12-03,8.99,9.04,8.54,8.9,5667500.0
2008-12-04,8.76,9.46,8.67,8.96,4163300.0
2008-12-05,8.64,9.32,8.3,9.25,4590000.0
2008-12-08,8.98,10.84,8.97,10.39,5929100.0
2008-12-09,10.13,12.15,10.09,10.96,6857400.0
2008-12-10,11.23,11.28,10.55,11.1,3784600.0
2008-12-11,10.92,11.36,10.11,10.33,2667100.0
2008-12-12,9.86,10.14,9.42,10.04,3589300.0
2008-12-15,10.04,10.38,9.67,9.82,1973400.0
2008-12-16,10.06,10.77,9.89,10.72,3049700.0
2008-12-17,10.51,11.87,10.26,11.71,4033000.0
2008-12-18,11.4,12.88,11.16,12.18,6482500.0
2008-12-19,13.25,13.48,11.74,12.72,5121400.0
2008-12-22,12.4,13.04,12.15,12.8,3452800.0
2008-12-23,12.86,13.03,12.44,12.58,2240700.0
2008-12-24,12.2,12.68,12.2,12.48,661000.0
2008-12-26,12.26,12.73,12.26,12.59,687500.0
2008-12-29,12.31,12.59,12.03,12.26,1044400.0
2008-12-30,12.53,13.39,12.53,13.34,2238600.0
2008-12-31,13.1,14.0,13.1,13.75,2078100.0
2009-01-02,13.93,15.18,13.88,14.96,1590900.0
2009-01-05,14.15,15.5,14.07,15.18,2532100.0
2009-01-06,15.08,15.28,14.65,14.8,4758900.0
2009-01-07,14.2,14.49,12.91,13.41,4295500.0
2009-01-08,13.16,13.22,12.01,12.35,4301000.0
2009-01-09,12.8,12.91,12.02,12.13,2797300.0
2009-01-12,12.34,12.35,11.22,11.36,2133800.0
2009-01-13,11.38,11.89,11.11,11.81,2728500.0
2009-01-14,11.48,11.48,10.38,10.51,4191400.0
2009-01-15,10.26,10.37,9.09,9.86,6804600.0
2009-01-16,10.27,10.37,9.39,9.85,2828700.0
2009-01-20,9.92,10.05,8.72,8.83,3033100.0
2009-01-21,9.54,9.58,8.87,9.51,3318700.0
2009-01-22,9.47,9.72,9.16,9.34,3717900.0
2009-01-23,8.84,9.74,8.69,9.43,3296900.0
2009-01-26,9.66,10.5,9.65,10.03,4745800.0
2009-01-27,10.38,10.63,10.13,10.4,2524900.0
2009-01-28,10.44,10.45,8.6,9.06,14383600.0
2009-01-29,8.98,9.0,6.64,7.85,21648600.0
2009-01-30,7.45,7.46,6.35,6.49,10816800.0
2009-02-02,6.45,6.54,6.0775,6.41,8259100.0
2009-02-03,6.71,6.89,6.23,6.74,8000700.0
2009-02-04,6.99,7.28,6.73,6.73,5055000.0
2009-02-05,6.76,6.82,6.45,6.59,6210800.0
2009-02-06,6.82,7.75,6.77,7.34,7653500.0
2009-02-09,7.8,7.8,7.15,7.36,4827400.0
2009-02-10,7.45,7.89,6.64,6.83,6593400.0
2009-02-11,7.12,7.25,6.5,6.83,7354100.0
2009-02-12,6.77,6.87,6.33,6.85,4974100.0
2009-02-13,6.94,7.06,6.6,6.92,3887900.0
2009-02-17,6.54,6.54,6.14,6.22,3512400.0
2009-02-18,6.4,6.468,6.05,6.4,4414500.0
2009-02-19,6.56,6.62,5.91,5.95,6171700.0
2009-02-20,5.7,6.13,5.53,5.94,5180000.0
2009-02-23,6.02,6.1,5.5,5.64,3414900.0
2009-02-24,6.03,7.35,6.0,6.84,9201700.0
2009-02-25,6.78,7.01,6.44,6.77,5296400.0
2009-02-26,7.01,7.27,6.67,6.7,4801300.0
2009-02-27,6.46,6.64,5.92,6.0,5881200.0
2009-03-02,5.8,6.08,5.43,5.5,4544400.0
2009-03-03,5.78,5.95,5.4,5.69,3388700.0
2009-03-04,6.06,6.43,5.77,6.17,4666200.0
2009-03-05,6.0,6.38,5.53,5.65,3893800.0
2009-03-06,5.94,6.14,5.61,5.93,4592200.0
2009-03-09,5.74,6.13,5.69,5.81,2377800.0
2009-03-10,6.16,7.09,6.15,7.0,5229100.0
2009-03-11,7.06,7.34,6.6,6.85,4431900.0
2009-03-12,6.92,8.19,6.72,8.0,6149000.0
2009-03-13,7.89,8.17,7.15,7.37,3970900.0
2009-03-16,7.68,8.08,7.58,7.71,3230000.0
2009-03-17,7.83,8.12,7.61,8.07,2999700.0
2009-03-18,7.92,8.6,7.75,8.28,4042300.0
2009-03-19,8.62,8.97,8.39,8.48,4303400.0
2009-03-20,8.62,8.72,7.55,7.88,2874200.0
2009-03-23,8.18,8.88,8.01,8.87,4911800.0
2009-03-24,8.57,9.49,8.33,8.43,6316600.0
2009-03-25,8.66,9.09,8.3,8.79,4563900.0
2009-03-26,8.99,9.44,8.91,9.31,3457900.0
2009-03-27,8.95,9.0,8.55,8.81,3079700.0
2009-03-30,8.42,8.42,7.55,7.77,2599500.0
2009-03-31,7.92,8.27,7.83,8.01,3129200.0
2009-04-01,7.81,8.83,7.75,8.69,3950200.0
2009-04-02,9.01,9.93,8.92,9.4,6752600.0
2009-04-03,9.59,10.38,9.37,10.09,4748100.0
2009-04-06,9.87,10.0,9.412,9.98,4799200.0
2009-04-07,9.47,9.59,9.12,9.33,2719900.0
2009-04-08,9.54,9.84,9.13,9.37,2371600.0
2009-04-09,9.71,10.12,9.57,10.08,3357400.0
2009-04-13,10.08,11.49,9.66,11.23,7181700.0
2009-04-14,11.07,11.68,10.65,10.77,6059100.0
2009-04-15,10.8,11.4,10.48,10.71,6208300.0
2009-04-16,11.28,11.58,10.86,11.28,5901200.0
2009-04-17,11.75,12.16,11.07,11.98,5013400.0
2009-04-20,11.44,11.53,10.2,10.27,4922900.0
2009-04-21,10.42,11.06,10.32,10.7,4944600.0
2009-04-22,10.62,11.75,10.42,11.41,10695100.0
2009-04-23,13.06,14.11,12.24,13.76,22884500.0
2009-04-24,13.52,14.75,13.48,14.46,10444300.0
2009-04-27,12.6,12.81,11.87,12.1,14877900.0
2009-04-28,11.68,12.89,11.52,12.5,9461100.0
2009-04-29,12.92,14.11,12.78,14.01,11947400.0
2009-04-30,13.84,14.95,13.76,14.73,8478200.0
2009-05-01,14.79,15.32,13.9,14.0,6211800.0
2009-05-04,14.73,16.02,14.61,15.45,9734800.0
2009-05-05,15.4,16.19,14.939,16.12,6013500.0
2009-05-06,16.68,16.99,16.0,16.97,6767200.0
2009-05-07,17.51,17.88,16.0,16.5,9199300.0
2009-05-08,16.78,17.11,16.14,17.09,5811700.0
2009-05-11,16.21,16.2201,15.5,15.86,6442300.0
2009-05-12,15.95,16.0,14.88,15.19,3870300.0
2009-05-13,14.54,14.65,13.48,13.51,7051600.0
2009-05-14,13.98,14.54,13.25,14.45,5429700.0
2009-05-15,14.32,15.22,14.13,14.3,3387900.0
2009-05-18,14.79,15.95,14.6,15.73,4486700.0
2009-05-19,15.79,16.18,15.46,15.62,3417500.0
2009-05-20,15.78,16.04,14.4,14.62,4756000.0
2009-05-21,14.49,14.71,14.05,14.59,2775300.0
2009-05-22,15.08,15.23,14.55,14.87,3298700.0
2009-05-26,14.6,16.06,14.6,15.76,5252000.0
2009-05-27,16.02,16.02,14.75,14.75,5918800.0
2009-05-28,14.85,15.1,14.28,14.61,5894900.0
2009-05-29,15.07,15.17,14.7,15.06,3625200.0
2009-06-01,15.74,16.25,15.14,15.92,3551200.0
2009-06-02,15.68,15.99,15.45,15.91,2527200.0
2009-06-03,15.25,15.4,14.7,14.93,3122000.0
2009-06-04,15.14,15.36,14.8,15.21,3967200.0
2009-06-05,15.71,15.8,15.1,15.28,3428400.0
2009-06-08,15.2,15.28,14.6,14.88,3240400.0
2009-06-09,14.93,14.95,14.15,14.23,6429500.0
2009-06-10,14.83,14.84,13.59,13.6,6744500.0
2009-06-11,13.92,14.06,13.45,13.71,5261000.0
2009-06-12,13.94,14.0,13.34,13.71,3683500.0
2009-06-15,13.35,13.35,12.48,12.64,4859100.0
2009-06-16,12.99,13.05,12.4,12.48,7010000.0
2009-06-17,12.6,12.6,11.9,12.54,7224300.0
2009-06-18,12.96,13.42,12.74,13.27,6094300.0
2009-06-19,13.9,14.46,13.85,14.02,9332600.0
2009-06-22,13.66,13.66,12.41,13.0,7379400.0
2009-06-23,13.23,13.28,12.5,12.71,3305900.0
2009-06-24,13.25,13.645,12.92,13.15,3814700.0
2009-06-25,12.95,13.75,12.92,13.69,3379600.0
2009-06-26,13.39,13.47,13.0,13.28,4932300.0
2009-06-29,13.2,13.735,13.07,13.25,2805900.0
2009-06-30,13.37,13.63,12.92,13.54,3724700.0
2009-07-01,13.48,14.42,13.48,14.25,5343600.0
2009-07-02,13.69,14.25,13.23,13.36,2822500.0
2009-07-06,13.29,13.3,12.61,12.89,3564400.0
2009-07-07,12.82,12.9125,12.35,12.36,3066700.0
2009-07-08,12.49,12.65,11.8,12.16,4614700.0
2009-07-09,12.69,12.95,12.39,12.87,2806500.0
2009-07-10,12.51,12.68,12.17,12.46,2528200.0
2009-07-13,12.67,12.67,12.09,12.56,3578000.0
2009-07-14,12.65,12.94,12.42,12.69,4285200.0
2009-07-15,13.18,13.97,13.02,13.79,4447200.0
2009-07-16,13.83,14.15,13.38,14.1,3548900.0
2009-07-17,13.93,14.02,13.5,13.69,2388300.0
2009-07-20,14.09,14.97,13.95,14.81,4742700.0
2009-07-21,14.99,15.03,14.25,14.75,3124800.0
2009-07-22,14.11,15.24,14.11,15.16,5636700.0
2009-07-23,14.99,17.05,14.9,16.98,9004400.0
2009-07-24,16.59,16.87,16.235,16.63,4210400.0
2009-07-27,16.63,16.77,15.87,16.02,4635400.0
2009-07-28,15.89,16.44,15.65,16.39,4234900.0
2009-07-29,15.29,15.38,13.51,13.91,17831200.0
2009-07-30,14.54,14.99,14.34,14.66,7653000.0
2009-07-31,14.26,14.71,14.25,14.52,4380400.0
2009-08-03,15.27,15.9,15.16,15.82,4250500.0
2009-08-04,15.5,16.37,15.4,15.95,3722300.0
2009-08-05,16.0,16.08,15.51,15.81,3490600.0
2009-08-06,15.93,16.09,15.5,15.5,2110600.0
2009-08-07,15.98,17.42,15.84,17.03,5703900.0
2009-08-10,16.64,17.35,16.5,16.99,4738300.0
2009-08-11,16.69,16.89,16.13,16.47,3810000.0
2009-08-12,16.53,17.955,16.5,17.39,6286000.0
2009-08-13,17.74,18.07,16.96,18.05,4578800.0
2009-08-14,17.8,17.93,17.11,17.55,3442100.0
2009-08-17,16.84,16.84,16.16,16.17,3176600.0
2009-08-18,16.61,17.13,16.5,16.84,3263500.0
2009-08-19,17.13,18.06,16.89,17.91,7062600.0
2009-08-20,17.83,19.19,17.78,19.0,6799500.0
2009-08-21,19.31,19.65,18.8,19.22,4947800.0
2009-08-24,19.9,19.9,19.14,19.3,4954300.0
2009-08-25,19.81,20.36,19.67,19.85,3825500.0
2009-08-26,19.61,20.07,19.4,19.77,2750500.0
2009-08-27,19.65,19.76,19.1,19.52,2389400.0
2009-08-28,19.83,19.83,19.28,19.53,2835700.0
2009-08-31,19.01,19.27,18.73,19.08,4028800.0
2009-09-01,18.84,19.5496,18.2,18.28,3580600.0
2009-09-02,18.13,18.31,17.82,17.89,4292000.0
2009-09-03,18.5,18.5999,18.01,18.32,4043600.0
2009-09-04,18.49,18.95,18.34,18.91,3469700.0
2009-09-08,19.72,19.78,19.19,19.48,2488800.0
2009-09-09,20.02,21.74,19.85,21.07,7990900.0
2009-09-10,20.76,21.58,20.44,21.58,4669100.0
2009-09-11,21.72,21.99,21.31,21.4,4486100.0
2009-09-14,21.17,21.79,20.98,21.75,2164500.0
2009-09-15,22.9,23.8,22.51,23.73,7518400.0
2009-09-16,24.4,24.4,23.56,23.79,6482100.0
2009-09-17,23.58,24.05,23.0,23.38,4031500.0
2009-09-18,23.98,23.98,23.27,23.46,3175600.0
2009-09-21,23.44,23.94,22.891,23.24,3943200.0
2009-09-22,24.5,24.95,23.88,23.97,6056000.0
2009-09-23,24.75,25.0,24.39,24.42,3607600.0
2009-09-24,24.98,25.02,23.72,24.04,3174600.0
2009-09-25,23.7,24.13,23.06,23.44,3319000.0
2009-09-28,23.69,24.47,23.5,24.31,2542100.0
2009-09-29,24.54,24.75,24.08,24.24,1859600.0
2009-09-30,24.56,24.64,23.69,24.08,2886200.0
2009-10-01,24.14,24.19,22.84,23.08,4809900.0
2009-10-02,22.37,23.26,22.3,22.65,4039000.0
2009-10-05,23.14,23.54,22.88,23.54,2081500.0
2009-10-06,23.91,24.215,23.6,23.98,1559300.0
2009-10-07,23.82,24.0675,23.25,23.6,2312700.0
2009-10-08,24.38,24.705,24.17,24.61,3323100.0
2009-10-09,24.4,24.54,23.56,23.77,3389600.0
2009-10-12,23.93,24.06,23.58,23.75,2440000.0
2009-10-13,23.5,23.59,22.8,23.1,3498600.0
2009-10-14,23.96,24.0,23.44,23.62,4028900.0
2009-10-15,23.63,23.95,23.49,23.95,2586100.0
2009-10-16,23.29,23.36,22.81,22.81,3360200.0
2009-10-19,23.28,23.95,23.08,23.68,3164800.0
2009-10-20,23.81,23.851,23.0,23.27,1610800.0
2009-10-21,23.19,23.6,22.25,22.27,3118500.0
2009-10-22,22.61,23.1,22.08,22.99,2976500.0
2009-10-23,22.99,23.19,22.35,22.5,2023800.0
2009-10-26,22.31,22.63,20.95,21.15,3937000.0
2009-10-27,21.38,21.585,20.74,20.86,3927400.0
2009-10-28,20.55,20.66,19.68,19.76,4364000.0
2009-10-29,20.71,21.6,20.71,21.35,4191700.0
2009-10-30,21.36,21.55,19.92,20.23,4809900.0
2009-11-02,20.66,21.12,19.91,20.67,5841700.0
2009-11-03,19.76,20.25,18.95,19.75,11290600.0
2009-11-04,20.64,21.06,20.115,20.39,4962500.0
2009-11-05,20.91,21.52,20.75,21.52,3521800.0
2009-11-06,20.92,21.79,20.91,21.23,3774200.0
2009-11-09,21.93,22.9,21.84,22.77,4279700.0
2009-11-10,22.41,22.66,22.05,22.5,3101300.0
2009-11-11,22.88,23.36,22.67,22.9,2443000.0
2009-11-12,23.15,23.2,22.26,22.33,3997500.0
2009-11-13,22.92,23.64,22.81,23.12,4666500.0
2009-11-16,23.86,24.25,23.591,24.07,4581800.0
2009-11-17,23.9,23.9,23.31,23.43,3528000.0
2009-11-18,23.85,23.94,23.38,23.8,2698100.0
2009-11-19,23.28,23.35,22.72,23.25,2427300.0
2009-11-20,23.34,23.59,23.15,23.55,5907700.0
2009-11-23,24.25,24.35,23.73,24.08,2715600.0
2009-11-24,24.33,24.35,23.53,23.85,2342200.0
2009-11-25,24.36,25.0,24.2,24.89,3509700.0
2009-11-27,23.64,24.33,23.42,24.14,1727500.0
2009-11-30,24.19,24.67,23.66,24.57,6444400.0
2009-12-01,24.89,25.14,24.39,24.51,3632600.0
2009-12-02,24.79,25.19,24.74,25.06,3415100.0
2009-12-03,25.36,25.5,25.0,25.09,3015900.0
2009-12-04,25.4,25.59,24.56,25.3,4186600.0
2009-12-07,25.73,26.08,25.46,25.56,2924100.0
2009-12-08,25.17,25.27,24.36,24.62,3744900.0
2009-12-09,25.0,25.01,24.05,24.7,4680700.0
2009-12-10,25.05,25.2,24.71,24.9,2988400.0
2009-12-11,25.16,25.23,24.69,24.93,1980200.0
2009-12-14,25.44,26.24,25.28,26.15,2160700.0
2009-12-15,25.98,26.12,25.815,25.93,1556900.0
2009-12-16,26.83,27.39,26.66,26.89,5152300.0
2009-12-17,26.68,26.695,26.08,26.19,3413100.0
2009-12-18,25.11,25.65,24.46,25.58,6022700.0
2009-12-21,25.87,26.12,25.3,25.92,2695500.0
2009-12-22,26.0,26.18,25.81,26.09,1309000.0
2009-12-23,26.56,26.67,26.23,26.35,1857900.0
2009-12-24,26.31,26.71,26.31,26.38,200100.0
2009-12-28,26.68,26.85,25.8601,25.94,1709700.0
2009-12-29,26.39,26.4,25.66,25.85,2092200.0
2009-12-30,25.76,25.81,25.06,25.45,2167600.0
2009-12-31,25.45,25.59,25.13,25.28,1577000.0
2010-01-04,26.14,26.28,25.72,25.8,2792600.0
2010-01-05,26.11,26.5,25.555,25.89,3588900.0
2010-01-06,25.9,25.95,25.01,25.24,4139600.0
2010-01-07,25.47,25.72,25.15,25.7,3156200.0
2010-01-08,25.75,25.96,25.59,25.91,2507700.0
2010-01-11,26.07,26.15,25.69,26.02,2055000.0
2010-01-12,25.62,26.0,25.49,25.67,2315300.0
2010-01-13,26.0,26.65,25.6999,26.54,3399000.0
2010-01-14,26.67,27.5499,26.59,27.46,3337500.0
2010-01-15,27.37,27.37,26.9,27.13,3139700.0
2010-01-19,26.9,27.62,26.9,27.62,2612300.0
2010-01-20,27.07,27.24,26.4,26.98,3417900.0
2010-01-21,27.17,27.31,26.465,26.57,5390500.0
2010-01-22,25.91,25.97,24.91,25.42,7670200.0
2010-01-25,25.78,25.87,25.03,25.19,4135200.0
2010-01-26,24.75,25.64,24.73,25.16,4465200.0
2010-01-27,24.85,25.5,24.73,25.43,4166900.0
2010-01-28,26.64,26.67,25.53,25.99,10679100.0
2010-01-29,26.59,27.09,25.89,26.09,5567000.0
2010-02-01,26.67,26.68,26.06,26.6,4370800.0
2010-02-02,26.81,27.91,26.76,27.6,5916000.0
2010-02-03,27.24,27.64,27.17,27.39,3074300.0
2010-02-04,26.79,26.85,25.12,25.19,6606400.0
2010-02-05,25.04,25.44,24.14,25.21,4689000.0
2010-02-08,24.83,25.69,24.63,25.16,3005700.0
2010-02-09,25.6,25.89,25.18,25.61,2094500.0
2010-02-10,25.49,25.77,24.9,25.16,2715700.0
2010-02-11,25.21,26.02,25.01,26.0,2689500.0
2010-02-12,25.16,25.795,25.14,25.59,3069800.0
2010-02-16,25.75,25.92,25.62,25.85,1694600.0
2010-02-17,26.08,26.25,25.71,25.91,2309200.0
2010-02-18,25.58,25.9,25.52,25.87,1883500.0
2010-02-19,25.71,26.35,25.66,26.3,1980100.0
2010-02-22,26.6,26.76,26.44,26.61,1457000.0
2010-02-23,26.32,26.48,25.45,25.78,2775500.0
2010-02-24,26.4,27.89,26.34,27.71,9446900.0
2010-02-25,26.97,27.85,26.97,27.79,4702200.0
2010-02-26,27.45,28.47,27.3,28.27,3132200.0
2010-03-01,28.3,28.61,27.91,28.36,2073400.0
2010-03-02,28.79,28.959,28.33,28.41,2211500.0
2010-03-03,28.69,28.9,28.25,28.43,1916900.0
2010-03-04,28.81,29.05,28.545,28.94,1776900.0
2010-03-05,29.28,30.02,29.2,29.81,3913300.0
2010-03-08,29.78,30.51,29.7,30.23,2840600.0
2010-03-09,29.83,30.215,29.58,29.73,2666200.0
2010-03-10,29.81,30.93,29.7,30.69,2924500.0
2010-03-11,30.57,30.71,30.225,30.6,1790400.0
2010-03-12,30.65,31.02,30.58,30.9,3058900.0
2010-03-15,30.46,30.67,30.12,30.56,2417700.0
2010-03-16,30.68,31.15,30.59,31.11,2306200.0
2010-03-17,31.32,31.8,31.3,31.62,2664300.0
2010-03-18,31.42,31.58,31.1,31.11,2547100.0
2010-03-19,31.58,31.84,30.97,31.01,2848500.0
2010-03-22,30.51,31.64,30.28,31.43,2461400.0
2010-03-23,31.96,33.69,31.94,33.61,9239300.0
2010-03-24,33.09,33.3,32.79,33.13,3411400.0
2010-03-25,33.55,33.88,33.14,33.25,2217200.0
2010-03-26,33.14,33.93,32.85,32.99,2289400.0
2010-03-29,33.19,33.47,32.645,33.47,2214400.0
2010-03-30,33.47,33.75,33.29,33.43,2273100.0
2010-03-31,33.17,33.47,32.9,32.99,1949400.0
2010-04-01,33.38,33.93,33.25,33.83,2227700.0
2010-04-05,33.99,34.64,33.9,34.44,2036800.0
2010-04-06,34.19,35.12,34.13,34.77,3447000.0
2010-04-07,34.075,34.1499,32.86,33.1,7187600.0
2010-04-08,32.76,34.045,32.57,33.93,3144700.0
2010-04-09,33.82,33.89,33.21,33.77,2547400.0
2010-04-12,34.01,34.42,33.91,34.25,3010700.0
2010-04-13,34.2,34.43,33.67,34.21,3267500.0
2010-04-14,34.46,35.435,34.345,35.16,3300200.0
2010-04-15,35.02,35.535,34.93,35.41,2291600.0
2010-04-16,34.98,35.3,34.2,34.53,4669600.0
2010-04-19,33.64,34.37,33.16,33.72,4713400.0
2010-04-20,33.79,34.65,33.76,34.51,2689000.0
2010-04-21,34.21,34.75,34.11,34.65,3016200.0
2010-04-22,33.97,35.555,33.7,35.03,4755900.0
2010-04-23,35.4,36.52,35.39,36.23,3733900.0
2010-04-26,36.66,38.1225,36.56,37.64,6425100.0
2010-04-27,36.9,37.53,36.12,36.3,7485500.0
2010-04-28,35.67,35.67,34.16,34.52,9143200.0
2010-04-29,35.09,37.38,35.0,37.31,4678300.0
2010-04-30,36.86,37.2,35.68,35.84,3791200.0
2010-05-03,36.29,37.02,35.96,36.61,2285900.0
2010-05-04,35.52,35.53,33.87,34.23,4346900.0
2010-05-05,33.02,34.17,32.63,33.04,5401200.0
2010-05-06,32.3,33.23,28.64,30.8,6223400.0
2010-05-07,30.8,30.93,28.77,29.47,6929100.0
2010-05-10,32.95,33.27,32.0,32.59,5449700.0
2010-05-11,31.47,32.71,31.25,32.02,2559300.0
2010-05-12,32.57,33.41,32.54,33.24,3309900.0
2010-05-13,33.24,33.38,31.853,32.03,2287000.0
2010-05-14,31.75,31.75,30.41,30.9,5009800.0
2010-05-17,31.08,31.5,30.17,31.3,6320300.0
2010-05-18,31.96,32.12,30.36,30.46,3739900.0
2010-05-19,30.03,30.591,29.06,29.82,4889400.0
2010-05-20,28.22,28.76,27.51,27.76,7557500.0
2010-05-21,27.54,28.98,27.38,28.34,4382000.0
2010-05-24,28.38,28.905,27.88,27.91,2499200.0
2010-05-25,26.8,27.95,26.11,27.74,5286500.0
2010-05-26,28.24,28.98,27.74,27.96,4229700.0
2010-05-27,29.08,29.78,28.81,29.74,2960300.0
2010-05-28,29.75,30.13,28.635,29.0,3199200.0
2010-06-01,28.74,30.0,28.74,29.02,3514600.0
2010-06-02,29.51,29.87,29.08,29.87,2748400.0
2010-06-03,30.38,30.7,29.895,30.3,3141700.0
2010-06-04,29.39,29.66,27.72,27.92,4624900.0
2010-06-07,28.26,28.55,26.6,26.66,4289300.0
2010-06-08,26.99,27.17,26.06,26.87,3688900.0
2010-06-09,27.47,28.25,26.56,26.78,4859800.0
2010-06-10,28.0,28.75,27.59,28.53,4503200.0
2010-06-11,27.89,28.69,27.89,28.5,1866500.0
2010-06-14,29.33,30.01,29.01,29.17,3477300.0
2010-06-15,30.04,30.89,29.66,30.7,4021800.0
2010-06-16,30.2,30.57,29.96,30.17,3120200.0
2010-06-17,30.61,30.61,29.51,30.14,4299800.0
2010-06-18,30.17,30.27,29.13,29.45,4001900.0
2010-06-21,30.2,30.38,29.21,29.52,3811600.0
2010-06-22,28.97,29.66,27.81,27.88,5816300.0
2010-06-23,28.09,28.1,27.08,27.29,4406000.0
2010-06-24,27.51,27.58,26.28,26.37,3725700.0
2010-06-25,26.4,26.52,25.67,26.25,3657200.0
2010-06-28,26.32,26.33,25.21,25.31,4189000.0
2010-06-29,24.38,24.52,22.66,23.06,11578900.0
2010-06-30,22.66,23.61,22.55,22.77,5506400.0
2010-07-01,22.9,23.74,21.97,23.47,7745600.0
2010-07-02,24.02,24.05,22.62,22.95,5580400.0
2010-07-06,23.76,24.01,22.74,23.02,4031800.0
2010-07-07,23.19,24.11,23.11,24.11,3216300.0
2010-07-08,24.69,24.73,24.012,24.61,2823100.0
2010-07-09,24.36,24.805,24.25,24.72,2620600.0
2010-07-12,24.6,24.96,23.86,23.91,3073200.0
2010-07-13,24.5,25.15,24.45,25.01,3685100.0
2010-07-14,24.8,25.23,24.5,25.22,2711400.0
2010-07-15,25.31,25.46,24.375,24.73,4184700.0
2010-07-16,24.54,24.59,23.34,23.39,3412500.0
2010-07-19,23.86,23.99,23.105,23.63,3139100.0
2010-07-20,23.04,24.38,22.94,24.29,3651500.0
2010-07-21,24.7,25.47,24.3,24.58,4760100.0
2010-07-22,26.22,27.63,26.0501,27.56,8754200.0
2010-07-23,27.38,28.17,26.85,28.12,3601800.0
2010-07-26,28.01,29.31,27.8,29.26,3185800.0
2010-07-27,29.34,29.38,28.03,28.16,2865700.0
2010-07-28,28.21,29.04,28.16,28.68,2896200.0
2010-07-29,29.32,29.57,28.28,29.02,2967900.0
2010-07-30,28.31,29.14,28.07,28.86,2321400.0
2010-08-02,29.555,29.99,29.3,29.85,1927900.0
2010-08-03,29.5,29.535,28.6099,29.15,2368800.0
2010-08-04,29.29,29.65,29.125,29.54,2220200.0
2010-08-05,29.31,30.11,29.18,29.94,2071400.0
2010-08-06,29.32,29.9402,28.73,29.31,3212800.0
2010-08-09,29.43,29.57,28.65,28.74,2294800.0
2010-08-10,28.14,28.29,27.47,28.12,3011800.0
2010-08-11,27.0,27.04,26.32,26.51,4083800.0
2010-08-12,25.93,26.62,25.82,26.0,3124400.0
2010-08-13,25.93,26.2,25.66,25.7,1929800.0
2010-08-16,25.57,26.18,25.5,25.9,1590100.0
2010-08-17,26.48,27.54,26.26,26.98,2802400.0
2010-08-18,27.3,27.65,26.8,27.38,2047900.0
2010-08-19,27.08,27.2,25.86,25.88,2625800.0
2010-08-20,25.49,25.62,25.23,25.45,1885500.0
2010-08-23,25.67,25.76,25.01,25.01,1489900.0
2010-08-24,24.19,24.52,23.66,23.94,3311600.0
2010-08-25,23.52,24.48,23.5,24.34,2848100.0
2010-08-26,24.5,24.8701,24.05,24.17,1393700.0
2010-08-27,24.8,25.35,23.97,25.29,1996900.0
2010-08-30,24.97,25.18,24.52,24.52,1232000.0
2010-08-31,24.22,24.83,23.96,24.56,1829100.0
2010-09-01,25.28,26.4,25.28,26.33,2712600.0
2010-09-02,26.69,27.41,26.55,27.41,1533100.0
2010-09-03,28.27,28.63,27.8301,28.27,1803000.0
2010-09-07,27.8,27.8,26.72,26.86,2045400.0
2010-09-08,27.2,27.7799,26.7,27.63,2636200.0
2010-09-09,28.3,29.32,28.3,29.15,3771700.0
2010-09-10,29.16,29.43,28.88,29.3,1586200.0
2010-09-13,29.9,30.21,29.66,30.13,1984500.0
2010-09-14,30.05,30.24,29.67,30.03,1419900.0
2010-09-15,29.55,29.75,29.18,29.44,1823300.0
2010-09-16,29.44,29.67,29.25,29.62,1220400.0
2010-09-17,29.88,30.47,29.8,30.12,2766300.0
2010-09-20,30.49,31.53,30.48,31.26,3941900.0
2010-09-21,32.51,32.73,31.33,31.86,5381000.0
2010-09-22,32.01,32.04,30.66,30.77,2711100.0
2010-09-23,30.3,30.88,30.001,30.36,2170000.0
2010-09-24,31.21,32.08,31.16,32.03,2883400.0
2010-09-27,31.86,32.01,31.42,31.5,1966900.0
2010-09-28,31.6,31.64,30.64,31.58,2254400.0
2010-09-29,31.8,32.14,31.55,31.73,2597400.0
2010-09-30,32.15,32.3,31.1,31.53,1883200.0
2010-10-01,32.05,32.19,31.36,31.96,1731100.0
2010-10-04,31.47,31.87,30.87,31.28,2390300.0
2010-10-05,31.81,32.93,31.72,32.85,2225000.0
2010-10-06,32.93,33.145,32.7,32.96,2538900.0
2010-10-07,33.17,33.19,32.26,32.64,2238800.0
2010-10-08,32.69,34.29,32.69,34.01,3223800.0
2010-10-11,33.81,34.09,33.64,33.76,1949300.0
2010-10-12,33.46,34.115,33.12,34.04,1366800.0
2010-10-13,34.5,35.17,34.28,34.94,2475300.0
2010-10-14,34.83,34.88,34.14,34.55,2435900.0
2010-10-15,34.91,35.02,34.15,34.77,2592300.0
2010-10-18,34.49,35.0,34.43,34.99,2230600.0
2010-10-19,33.74,33.985,32.85,33.07,3641100.0
2010-10-20,33.24,34.312,33.19,34.01,2390800.0
2010-10-21,34.34,34.81,33.76,34.16,2399800.0
2010-10-22,34.52,34.99,34.205,34.87,1946100.0
2010-10-25,35.45,36.12,35.13,35.15,4151500.0
2010-10-26,38.6,40.93,38.25,40.23,13878400.0
2010-10-27,40.2,40.21,39.05,39.57,5863900.0
2010-10-28,40.28,40.29,39.2,39.97,2863700.0
2010-10-29,39.78,40.21,39.45,39.54,3311800.0
2010-11-01,39.28,39.48,38.62,39.25,4307500.0
2010-11-02,39.43,39.88,38.89,39.69,2476100.0
2010-11-03,39.58,40.98,39.46,40.96,4267000.0
2010-11-04,41.55,42.43,41.45,42.24,6189600.0
2010-11-05,42.58,42.88,42.34,42.88,2841200.0
2010-11-08,42.54,42.95,42.34,42.89,2228800.0
2010-11-09,43.02,43.31,41.8801,42.29,2137500.0
2010-11-10,42.3,42.3,41.12,42.02,2727500.0
2010-11-11,41.47,42.315,41.42,42.06,2307600.0
2010-11-12,41.81,42.37,40.77,41.24,2411300.0
2010-11-15,41.62,41.8,40.99,41.01,1544500.0
2010-11-16,40.52,41.1,39.82,40.25,2085600.0
2010-11-17,40.36,42.185,40.16,42.1,2429100.0
2010-11-18,42.95,43.19,42.34,42.41,2356700.0
2010-11-19,42.44,42.49,41.7801,42.29,1551800.0
2010-11-22,41.92,42.02,41.4,41.64,2413500.0
2010-11-23,40.68,40.69,40.11,40.43,2115300.0
2010-11-24,40.69,42.02,40.69,41.96,1495900.0
2010-11-26,41.13,41.58,40.75,41.38,482100.0
2010-11-29,40.87,41.015,39.9,40.9,1500500.0
2010-11-30,39.83,40.59,39.73,40.25,2672200.0
2010-12-01,41.34,41.62,40.68,41.55,1882400.0
2010-12-02,41.67,42.66,41.67,42.21,2222400.0
2010-12-03,42.29,42.68,41.94,42.64,1171700.0
2010-12-06,42.51,42.65,42.08,42.42,1005200.0
2010-12-07,43.09,43.5,42.7,42.89,1363000.0
2010-12-08,43.11,43.49,42.9,43.39,1288400.0
2010-12-09,43.42,44.1,43.27,43.59,1554000.0
2010-12-10,43.32,43.85,43.04,43.38,1633600.0
2010-12-13,43.56,43.63,42.0,42.0,2340900.0
2010-12-14,42.34,42.42,41.24,41.55,2384700.0
2010-12-15,41.76,41.93,40.64,40.72,2464400.0
2010-12-16,41.06,41.37,40.55,41.17,2244900.0
2010-12-17,41.18,42.48,41.17,42.41,2474900.0
2010-12-20,42.93,43.28,42.18,43.2,2604600.0
2010-12-21,44.61,46.66,44.32,46.63,6430600.0
2010-12-22,46.85,47.36,46.03,46.3,2568800.0
2010-12-23,46.47,46.73,45.84,46.3,1161800.0
2010-12-27,46.14,46.96,45.83,46.81,1067900.0
2010-12-28,46.82,46.93,45.96,46.19,1215100.0
2010-12-29,46.31,46.88,46.29,46.68,1415800.0
2010-12-30,46.69,47.0,46.47,46.7,1961700.0
2010-12-31,46.89,47.83,46.78,47.0,1249400.0
2011-01-03,47.49,47.82,47.17,47.73,2375300.0
2011-01-04,48.53,48.95,47.6,48.39,2341500.0
2011-01-05,48.25,49.099,48.21,48.91,2753100.0
2011-01-06,49.13,49.22,47.44,47.86,2686400.0
2011-01-07,47.98,48.16,47.2,47.99,3003800.0
2011-01-10,47.51,48.14,47.0,47.96,1219800.0
2011-01-11,48.14,48.55,47.75,47.86,2237000.0
2011-01-12,48.52,48.65,48.07,48.37,1809800.0
2011-01-13,48.23,48.39,47.55,47.81,1884000.0
2011-01-14,47.97,49.96,47.9,49.96,2669400.0
2011-01-18,49.64,49.99,49.29,49.53,1400000.0
2011-01-19,49.24,49.76,48.385,48.59,2002700.0
2011-01-20,47.82,47.95,46.9,47.48,2864000.0
2011-01-21,47.66,48.96,47.54,48.22,2098700.0
2011-01-24,47.96,48.08,46.8,47.76,2871800.0
2011-01-25,47.09,47.58,46.44,47.58,2631600.0
2011-01-26,48.17,49.76,48.1144,49.5,5026600.0
2011-01-27,47.61,47.95,45.73,47.28,13152400.0
2011-01-28,47.04,47.37,45.45,45.55,4669000.0
2011-01-31,45.44,45.8,44.619,44.9,4877900.0
2011-02-01,45.23,46.17,44.97,45.66,3337200.0
2011-02-02,44.87,45.61,44.51,45.43,2621500.0
2011-02-03,45.29,45.6,44.72,45.03,3039800.0
2011-02-04,45.34,45.69,44.84,45.36,1627300.0
2011-02-07,45.6,46.87,45.52,46.03,2256400.0
2011-02-08,46.02,46.6,45.76,46.48,2184100.0
2011-02-09,46.38,47.1,46.03,46.9,2212200.0
2011-02-10,46.13,47.07,46.09,47.05,2304400.0
2011-02-11,46.55,48.27,46.485,47.87,2607600.0
2011-02-14,47.76,47.82,46.75,47.25,2026000.0
2011-02-15,47.0,47.72,46.4901,47.15,2592600.0
2011-02-16,47.48,48.06,47.19,47.38,1979500.0
2011-02-17,47.09,47.35,46.91,47.19,1337500.0
2011-02-18,47.12,47.21,46.54,47.16,1473300.0
2011-02-22,44.67,45.45,44.0,44.89,6082900.0
2011-02-23,43.74,43.77,41.64,43.27,7115800.0
2011-02-24,43.41,43.79,42.33,43.59,4648100.0
2011-02-25,44.02,44.74,43.95,44.15,2919500.0
2011-02-28,44.76,44.82,43.145,43.79,2812900.0
2011-03-01,43.85,43.85,40.72,41.13,6320900.0
2011-03-02,41.3,41.79,40.73,41.18,4698500.0
2011-03-03,42.73,43.33,42.47,43.08,4353100.0
2011-03-04,42.85,42.93,41.75,42.27,3472500.0
2011-03-07,42.6,42.98,41.6,42.24,3732100.0
2011-03-08,42.7,44.41,42.7,44.01,5700900.0
2011-03-09,43.8,44.64,43.51,44.0,3437500.0
2011-03-10,43.04,44.42,42.96,43.39,3395700.0
2011-03-11,42.09,43.86,42.03,43.5,4928300.0
2011-03-14,43.12,43.94,42.52,43.05,2675300.0
2011-03-15,41.01,42.37,40.5,41.99,1053889.0
2011-03-16,41.83,41.95,40.68,41.06,1084843.0
2011-03-17,41.83,42.55,41.32,41.4,3171500.0
2011-03-18,42.89,43.1999,41.57,41.95,3885700.0
2011-03-21,43.08,43.375,42.4936,43.33,2124600.0
2011-03-22,43.21,43.4,41.28,41.66,6551300.0
2011-03-23,41.58,41.98,40.7,41.65,3931400.0
2011-03-24,41.96,42.25,41.3606,41.94,1626000.0
2011-03-25,41.99,42.115,41.33,41.59,2195700.0
2011-03-28,41.88,41.88,40.57,40.79,2716800.0
2011-03-29,40.88,41.47,40.26,41.4,2623300.0
2011-03-30,41.77,42.3,41.6,42.21,1494100.0
2011-03-31,41.67,41.91,41.0799,41.26,1707200.0
2011-04-01,41.89,42.0,40.58,40.83,3250100.0
2011-04-04,41.38,41.55,40.56,40.75,1252800.0
2011-04-05,40.29,40.85,40.18,40.51,2248700.0
2011-04-06,41.51,41.73,40.08,40.63,4842700.0
2011-04-07,40.6,40.77,39.65,39.96,3240500.0
2011-04-08,40.02,40.08,38.28,38.56,5533100.0
2011-04-11,39.16,39.9,38.75,39.7,3485600.0
2011-04-12,39.81,40.77,39.72,40.11,4224300.0
2011-04-13,40.51,40.54,38.78,39.07,3734500.0
2011-04-14,38.6,38.78,37.95,38.06,3728700.0
2011-04-15,38.21,38.46,37.63,38.11,4006500.0
2011-04-18,36.87,37.75,36.68,37.29,4256600.0
2011-04-19,37.66,38.0,37.2,37.98,2830800.0
2011-04-20,38.69,38.72,37.71,38.08,2998000.0
2011-04-21,38.24,39.06,37.95,38.56,1955700.0
2011-04-25,38.53,38.55,37.76,38.38,1896700.0
2011-04-26,38.46,39.28,38.42,39.01,2800000.0
2011-04-27,39.82,40.19,39.17,39.71,3754100.0
2011-04-28,41.91,42.3,39.11,39.82,10079900.0
2011-04-29,39.94,40.5,39.42,39.82,2628300.0
2011-05-02,40.44,40.47,39.3,39.57,2694200.0
2011-05-03,39.69,40.02,39.44,39.84,2072100.0
2011-05-04,39.75,39.98,39.03,39.31,2381300.0
2011-05-05,39.16,42.11,39.1,41.96,6513900.0
2011-05-06,41.78,42.1,40.5102,40.69,3543500.0
2011-05-09,40.48,40.63,39.8,39.86,2079900.0
2011-05-10,40.32,40.72,40.29,40.37,2095300.0
2011-05-11,40.48,40.86,39.8,40.31,2584600.0
2011-05-12,40.42,41.46,40.12,41.01,2300000.0
2011-05-13,40.73,41.255,40.6,41.21,2999900.0
2011-05-16,40.86,41.42,40.075,40.2,2320000.0
2011-05-17,39.92,40.29,39.5,40.19,1598700.0
2011-05-18,40.07,40.69,39.631,40.56,1539200.0
2011-05-19,40.72,40.97,39.9625,40.05,2585700.0
2011-05-20,40.01,40.41,39.59,40.01,2104400.0
2011-05-23,39.43,39.43,38.62,38.83,2710700.0
2011-05-24,38.75,38.8,37.59,37.77,2844500.0
2011-05-25,37.39,38.17,37.34,37.68,2393100.0
2011-05-26,37.94,38.16,37.19,37.67,2033000.0
2011-05-27,38.08,38.26,37.77,38.16,1371300.0
2011-05-31,39.08,39.14,38.54,39.0,1791100.0
2011-06-01,38.65,38.65,37.11,37.21,1883800.0
2011-06-02,37.21,37.83,37.11,37.73,1206300.0
2011-06-03,36.76,37.675,36.25,36.96,2636700.0
2011-06-06,36.73,37.56,36.4,36.55,2222500.0
2011-06-07,36.99,37.155,35.81,35.88,4228400.0
2011-06-08,35.39,35.45,33.43,33.74,7618100.0
2011-06-09,34.04,34.48,33.45,34.2,4949500.0
2011-06-10,34.27,34.28,32.81,33.19,4341500.0
2011-06-13,32.87,33.67,32.68,33.24,3794100.0
2011-06-14,33.72,34.68,33.57,34.2,2128800.0
2011-06-15,33.24,33.94,33.06,33.8,3145800.0
2011-06-16,33.6,34.46,33.17,33.7,3232700.0
2011-06-17,34.22,35.23,34.19,34.6,3547000.0
2011-06-20,34.1,35.7,34.0,35.59,4276500.0
2011-06-21,36.19,37.84,36.1,37.65,5327500.0
2011-06-22,37.38,37.5,36.26,36.35,2371400.0
2011-06-23,36.33,37.19,36.05,36.87,4270300.0
2011-06-24,36.95,37.05,35.97,36.21,2201200.0
2011-06-27,36.28,36.96,36.22,36.77,1223500.0
2011-06-28,37.24,37.7,37.11,37.59,1838500.0
2011-06-29,38.05,38.12,37.11,37.48,2035100.0
2011-06-30,37.62,37.95,37.25,37.64,1765400.0
2011-07-01,37.87,39.42,37.64,39.35,1884500.0
2011-07-05,39.35,39.43,38.64,39.15,2143200.0
2011-07-06,38.68,38.77,37.66,37.88,2414400.0
2011-07-07,38.61,38.8299,38.2,38.48,1873400.0
2011-07-08,37.8,37.84,37.24,37.83,2687200.0
2011-07-11,36.71,36.85,35.7,35.87,2481500.0
2011-07-12,35.15,35.77,34.86,34.89,2711300.0
2011-07-13,35.26,36.4,35.17,35.96,2005700.0
2011-07-14,35.94,35.94,34.24,34.44,3040800.0
2011-07-15,34.84,35.0,34.33,34.97,2012900.0
2011-07-18,34.65,34.73,33.75,34.42,1851400.0
2011-07-19,34.82,35.84,34.77,35.65,2263400.0
2011-07-20,36.12,36.18,35.43,35.78,1412100.0
2011-07-21,36.19,36.725,35.92,36.03,2241600.0
2011-07-22,36.33,36.76,36.08,36.49,1487700.0
2011-07-25,36.19,36.675,35.92,36.49,1738300.0
2011-07-26,36.84,37.2301,36.545,36.56,1856000.0
2011-07-27,36.14,36.28,35.38,35.76,2701600.0
2011-07-28,33.3,33.63,30.94,31.26,11239600.0
2011-07-29,31.17,31.42,30.5394,30.62,4337400.0
2011-08-01,31.43,31.6,29.57,30.26,3528500.0
2011-08-02,29.84,30.23,28.82,28.83,2757800.0
2011-08-03,29.05,29.33,27.4,28.89,10606100.0
2011-08-04,27.91,27.97,26.2,27.03,7582800.0
2011-08-05,28.47,28.74,25.85,27.0,7312100.0
2011-08-08,24.95,25.42,23.41,24.0,6474500.0
2011-08-09,25.1,25.73,24.06,25.72,6075900.0
2011-08-10,24.88,24.96,23.68,23.75,7209100.0
2011-08-11,24.06,25.84,23.57,25.37,5273200.0
2011-08-12,26.07,26.244,25.2,25.63,2820200.0
2011-08-15,26.13,26.62,25.97,26.59,2031200.0
2011-08-16,26.35,26.35,25.0,25.25,3759000.0
2011-08-17,25.73,25.75,24.73,25.18,3658200.0
2011-08-18,24.03,24.07,23.03,23.29,3711600.0
2011-08-19,22.65,23.75,22.3,22.36,3230500.0
2011-08-22,23.47,23.56,22.42,22.49,2528900.0
2011-08-23,22.57,23.32,22.27,23.26,2744300.0
2011-08-24,23.18,23.93,22.96,23.87,3022100.0
2011-08-25,23.6,24.05,22.36,22.65,3257000.0
2011-08-26,22.56,24.37,22.45,23.61,3796800.0
2011-08-29,24.56,25.85,24.5,25.8,3680000.0
2011-08-30,26.12,26.39,25.31,25.84,3945200.0
2011-08-31,26.3,26.55,25.611,25.96,2967300.0
2011-09-01,25.85,26.48,25.24,25.31,2879300.0
2011-09-02,24.26,24.36,23.76,24.02,3004300.0
2011-09-06,23.05,23.97,22.91,23.8,2390400.0
2011-09-07,24.52,25.36,24.37,25.13,2364500.0
2011-09-08,24.74,25.29,24.48,24.62,2102200.0
2011-09-09,23.9,24.485,23.52,23.66,2837000.0
2011-09-12,22.95,23.55,22.72,23.31,3289700.0
2011-09-13,23.18,24.15,23.1,24.0,3592600.0
2011-09-14,24.23,24.63,23.5,24.3,2830000.0
2011-09-15,24.77,25.22,24.25,25.14,3306000.0
2011-09-16,25.005,25.39,24.57,25.22,2220700.0
2011-09-19,24.33,24.56,23.8268,24.27,2604900.0
2011-09-20,24.87,26.25,24.41,25.32,5402800.0
2011-09-21,25.35,25.61,24.33,24.37,3663000.0
2011-09-22,23.45,23.51,22.05,22.54,3375600.0
2011-09-23,22.24,22.86,22.15,22.38,2994000.0
2011-09-26,22.62,22.67,21.5,21.99,4307600.0
2011-09-27,22.79,23.7215,22.74,23.0,3142900.0
2011-09-28,23.27,23.37,22.01,22.09,2418200.0
2011-09-29,23.0,23.41,21.95,22.4,3797200.0
2011-09-30,21.72,22.1232,21.5,21.64,4198000.0
2011-10-03,21.29,21.51,20.0,20.01,4855700.0
2011-10-04,19.46,21.11,18.7,21.08,6100000.0
2011-10-05,21.24,21.62,20.77,21.32,5050100.0
2011-10-06,21.02,22.13,20.73,22.06,3454500.0
2011-10-07,22.27,22.36,21.31,21.83,2211400.0
2011-10-10,22.59,23.33,22.53,23.19,1784000.0
2011-10-11,22.78,23.71,22.59,23.56,3250100.0
2011-10-12,24.13,25.55,24.03,25.12,3639500.0
2011-10-13,25.11,25.64,24.56,25.23,2819100.0
2011-10-14,26.01,26.59,25.4301,26.53,3157300.0
2011-10-17,26.02,26.02,25.27,25.36,2938300.0
2011-10-18,25.72,27.04,25.31,26.66,2708800.0
2011-10-19,26.39,26.6374,25.69,25.79,2363800.0
2011-10-20,26.32,26.91,25.74,26.5,2705900.0
2011-10-21,27.29,27.9098,26.95,27.45,3325700.0
2011-10-24,27.75,29.45,27.68,29.4,5731400.0
2011-10-25,29.22,29.25,27.86,27.94,3442000.0
2011-10-26,29.32,29.51,28.26,28.91,3732300.0
2011-10-27,29.93,30.985,28.4,29.47,5770600.0
2011-10-28,29.78,30.99,29.71,30.4,2865500.0
2011-10-31,29.7001,30.34,29.56,29.72,3355900.0
2011-11-01,27.85,28.08,26.85,27.27,4473700.0
2011-11-02,27.87,28.63,27.64,28.25,3022900.0
2011-11-03,28.94,29.29,28.05,29.18,2717400.0
2011-11-04,28.85,29.1,28.29,28.81,2222200.0
2011-11-07,29.0,29.4,28.8,29.09,2811200.0
2011-11-08,28.91,29.21,28.18,28.89,2998700.0
2011-11-09,27.43,27.54,26.31,26.59,2810600.0
2011-11-10,27.08,27.16,26.29,26.9,2234500.0
2011-11-11,27.23,27.88,27.2,27.4,2223300.0
2011-11-14,27.39,27.55,26.82,27.07,1627200.0
2011-11-15,26.75,27.04,26.03,26.58,2797100.0
2011-11-16,26.08,26.38,25.7,26.07,4054700.0
2011-11-17,26.0,26.57,25.38,25.54,3139800.0
2011-11-18,26.07,26.44,25.83,26.08,1611600.0
2011-11-21,25.42,26.14,25.27,25.97,2231500.0
2011-11-22,25.6,26.11,25.19,25.75,2699300.0
2011-11-23,24.92,24.92,23.63,23.66,4474600.0
2011-11-25,23.06,23.73,22.95,23.19,2315500.0
2011-11-28,24.59,25.285,24.49,24.89,2988200.0
2011-11-29,24.88,25.25,24.67,25.05,1908400.0
2011-11-30,26.54,27.76,26.53,27.71,4104400.0
2011-12-01,27.49,27.92,27.12,27.21,2500600.0
2011-12-02,27.79,28.04,27.39,27.46,2165000.0
2011-12-05,28.32,28.83,27.93,28.21,2910000.0
2011-12-06,28.3,28.31,27.52,27.68,2483500.0
2011-12-07,27.42,27.58,27.03,27.44,2480700.0
2011-12-08,27.08,27.18,25.99,26.23,3133300.0
2011-12-09,26.66,27.34,26.53,27.04,1867400.0
2011-12-12,26.69,26.87,26.31,26.72,1417800.0
2011-12-13,26.87,27.19,26.05,26.17,1945300.0
2011-12-14,26.03,26.03,24.87,24.93,2603700.0
2011-12-15,25.56,25.63,25.0896,25.49,1879000.0
2011-12-16,25.77,26.24,25.625,25.96,1433100.0
2011-12-19,26.39,26.5,24.53,24.63,3149300.0
2011-12-20,24.9,25.1,23.63,24.64,6375200.0
2011-12-21,24.81,24.83,24.19,24.38,3571100.0
2011-12-22,24.61,25.22,24.51,25.1,1919200.0
2011-12-23,25.18,25.81,25.1,25.68,1272700.0
2011-12-27,25.79,26.27,25.68,25.75,1316400.0
2011-12-28,25.6,25.675,24.68,24.77,1273500.0
2011-12-29,24.78,25.31,24.55,25.18,1142200.0
2011-12-30,25.09,25.26,24.69,24.77,1411700.0
2012-01-03,25.95,26.43,25.69,25.9,3195300.0
2012-01-04,25.89,26.265,25.72,26.12,1624100.0
2012-01-05,26.12,26.25,25.515,26.0,2829100.0
2012-01-06,26.26,26.28,25.4,25.5,2344300.0
2012-01-09,25.77,25.8,25.45,25.58,2565200.0
2012-01-10,26.26,27.04,26.22,27.02,3683800.0
2012-01-11,27.23,28.76,27.19,28.27,4764200.0
2012-01-12,28.19,29.66,27.99,29.52,7144100.0
2012-01-13,28.68,29.02,28.53,28.75,4417600.0
2012-01-17,26.85,28.06,26.72,26.97,12324000.0
2012-01-18,27.56,27.84,27.3,27.68,3849600.0
2012-01-19,28.02,28.32,27.81,27.95,2367800.0
2012-01-20,27.85,28.11,27.49,28.03,2658200.0
2012-01-23,28.42,28.7,28.04,28.33,3224000.0
2012-01-24,27.99,28.69,27.74,28.66,3234200.0
2012-01-25,28.48,28.51,27.94,28.11,3207100.0
2012-01-26,28.54,28.58,27.45,27.9,4149900.0
2012-01-27,27.94,28.16,27.46,27.69,2419800.0
2012-01-30,27.12,27.27,26.82,27.18,3230000.0
2012-01-31,27.58,27.58,26.81,27.18,4376900.0
2012-02-01,27.66,28.38,27.61,28.24,4156500.0
2012-02-02,26.62,29.36,26.54,28.69,13706500.0
2012-02-03,29.12,30.78,29.06,30.59,5855400.0
2012-02-06,30.18,30.79,30.16,30.56,2803700.0
2012-02-07,30.34,31.47,30.16,31.07,3999600.0
2012-02-08,31.24,31.96,31.17,31.52,3418400.0
2012-02-09,31.67,31.79,30.95,31.52,2937000.0
2012-02-10,30.98,31.15,30.67,30.87,1675700.0
2012-02-13,30.89,31.1,30.29,30.65,2821400.0
2012-02-14,30.3,30.44,29.64,29.99,3119400.0
2012-02-15,30.05,30.655,29.7,29.92,3138700.0
2012-02-16,29.88,30.69,29.71,30.52,1746000.0
2012-02-17,30.81,31.19,30.4349,30.81,2242200.0
2012-02-21,30.71,30.88,29.75,29.89,3521400.0
2012-02-22,29.79,29.94,28.71,28.75,3392900.0
2012-02-23,28.88,29.2,28.6,29.07,3190600.0
2012-02-24,28.8,28.99,28.39,28.49,2927000.0
2012-02-27,27.92,28.26,27.72,28.07,4826200.0
2012-02-28,27.75,28.52,27.73,28.06,4437100.0
2012-02-29,28.37,29.18,28.19,28.49,4916700.0
2012-03-01,28.83,29.03,27.83,28.2,3218200.0
2012-03-02,28.07,28.7,27.99,28.07,2434200.0
2012-03-05,27.84,27.89,27.09,27.5,2504600.0
2012-03-06,26.74,26.909,26.48,26.64,3771000.0
2012-03-07,26.95,27.55,26.9,27.4,2753500.0
2012-03-08,27.59,28.135,27.56,27.91,3606000.0
2012-03-09,28.28,28.88,27.11,27.38,6698300.0
2012-03-12,27.87,28.35,27.68,28.21,4376600.0
2012-03-13,28.37,29.2,28.37,29.17,3435600.0
2012-03-14,29.03,29.36,28.85,29.01,2524200.0
2012-03-15,29.2,30.01,28.98,29.93,4005300.0
2012-03-16,30.08,30.71,29.97,30.58,4640200.0
2012-03-19,30.41,30.94,30.35,30.54,2382800.0
2012-03-20,30.01,30.62,29.92,30.32,2265100.0
2012-03-21,30.17,30.52,29.96,29.97,2043500.0
2012-03-22,29.72,29.93,29.24,29.41,2878800.0
2012-03-23,29.38,29.47,28.9,29.37,1735300.0
2012-03-26,29.95,30.4,29.95,30.3,2383000.0
2012-03-27,30.27,30.5,30.04,30.15,1884700.0
2012-03-28,29.86,30.22,29.29,29.65,2284400.0
2012-03-29,29.15,29.38,28.525,29.31,2399700.0
2012-03-30,29.51,29.61,28.98,29.43,2335800.0
2012-04-02,29.34,29.45,28.975,29.13,1884300.0
2012-04-03,29.16,29.4,28.73,28.84,2043300.0
2012-04-04,28.36,28.52,27.97,28.03,2907500.0
2012-04-05,27.83,28.1,27.69,27.89,1714100.0
2012-04-09,27.52,28.16,27.25,28.07,1714400.0
2012-04-10,27.72,27.83,26.5,26.72,3750900.0
2012-04-11,27.38,27.73,27.0,27.11,2784200.0
2012-04-12,27.2,28.12,27.08,27.73,2146500.0
2012-04-13,27.63,27.73,27.2,27.3,1757700.0
2012-04-16,27.3,27.49,26.65,26.96,2234300.0
2012-04-17,27.43,27.72,27.3,27.66,1390000.0
2012-04-18,27.45,27.76,27.43,27.71,1733500.0
2012-04-19,27.81,28.87,27.78,28.87,5989900.0
2012-04-20,28.35,28.86,26.53,26.92,8843100.0
2012-04-23,26.49,26.5,25.77,26.03,4036600.0
2012-04-24,25.96,26.445,25.76,26.06,3041100.0
2012-04-25,26.47,26.85,26.3,26.83,3238800.0
2012-04-26,26.56,27.75,26.56,27.7,2643900.0
2012-04-27,27.82,28.35,27.82,27.99,3403400.0
2012-04-30,27.89,27.92,27.28,27.37,2404700.0
2012-05-01,27.36,28.31,27.36,28.03,1711200.0
2012-05-02,27.6,28.12,27.55,27.97,1795000.0
2012-05-03,27.91,28.03,27.29,27.51,2706500.0
2012-05-04,27.31,27.32,26.74,26.83,2365800.0
2012-05-07,26.65,27.08,26.5,26.96,1523300.0
2012-05-08,26.68,26.86,26.15,26.77,1970800.0
2012-05-09,26.11,26.42,25.77,26.11,2637200.0
2012-05-10,26.5,26.55,26.07,26.14,1760100.0
2012-05-11,26.02,26.51,25.89,26.06,1735600.0
2012-05-14,25.54,25.77,25.18,25.48,1730600.0
2012-05-15,25.74,26.11,25.45,25.54,1562200.0
2012-05-16,25.74,26.1,25.0,25.02,1778600.0
2012-05-17,25.28,25.35,24.08,24.14,2222300.0
2012-05-18,24.27,24.27,23.26,23.46,2297500.0
2012-05-21,23.87,24.33,23.52,24.27,2225900.0
2012-05-22,24.26,24.89,24.17,24.43,3083400.0
2012-05-23,24.29,24.9,24.0,24.8,1940100.0
2012-05-24,24.86,24.9,24.035,24.31,2361700.0
2012-05-25,24.13,24.56,24.01,24.42,1688800.0
2012-05-29,24.62,24.855,24.38,24.77,1596100.0
2012-05-30,24.37,24.4,23.99,24.06,1603500.0
2012-05-31,23.84,23.9,23.1,23.55,2709200.0
2012-06-01,22.89,23.03,22.48,22.53,2738900.0
2012-06-04,22.78,22.78,22.12,22.46,2332500.0
2012-06-05,22.29,22.77,22.22,22.75,1791500.0
2012-06-06,23.08,24.09,23.08,23.86,2160500.0
2012-06-07,24.34,24.6589,23.86,23.9,2490500.0
2012-06-08,23.73,24.31,23.49,24.24,1465900.0
2012-06-11,24.65,24.66,23.44,23.48,2764600.0
2012-06-12,23.76,24.19,23.29,24.12,2509600.0
2012-06-13,23.53,24.035,23.33,23.62,2713900.0
2012-06-14,23.44,24.16,23.11,24.04,2391900.0
2012-06-15,23.99,25.18,23.89,25.18,3643100.0
2012-06-18,24.84,25.0,24.68,24.79,2459000.0
2012-06-19,25.23,25.7,25.15,25.4,2194700.0
2012-06-20,25.68,26.37,25.53,25.92,3478000.0
2012-06-21,25.91,26.01,24.911,25.07,1870200.0
2012-06-22,25.93,26.06,24.27,24.59,6360100.0
2012-06-25,24.44,24.45,23.8,23.89,2194200.0
2012-06-26,24.01,24.489,23.69,24.33,1960800.0
2012-06-27,24.36,24.78,24.33,24.71,1171400.0
2012-06-28,24.43,24.89,24.33,24.75,1290100.0
2012-06-29,25.77,27.0,25.62,26.03,1957400.0
2012-07-02,26.43,26.56,26.0,26.28,1354600.0
2012-07-03,26.49,26.585,26.24,26.31,988200.0
2012-07-05,26.37,26.52,25.91,26.14,1138300.0
2012-07-06,25.85,25.85,25.26,25.44,1383800.0
2012-07-09,25.31,25.32,24.64,24.82,2380400.0
2012-07-10,25.15,25.43,24.25,24.44,1644100.0
2012-07-11,24.58,24.58,23.9,24.11,1545400.0
2012-07-12,23.81,23.85,23.36,23.62,2089300.0
2012-07-13,23.87,24.2,23.75,24.11,1444000.0
2012-07-16,24.1,24.3,23.77,24.11,930100.0
2012-07-17,24.35,24.63,23.969,24.59,1240900.0
2012-07-18,24.29,24.95,24.24,24.64,1265700.0
2012-07-19,24.67,25.17,24.59,25.04,1404100.0
2012-07-20,24.8,25.03,24.36,24.4,1558600.0
2012-07-23,23.78,24.02,23.57,23.92,1735100.0
2012-07-24,23.83,24.14,23.75,24.02,2459000.0
2012-07-25,24.16,24.6,23.81,24.3,2625700.0
2012-07-26,23.41,24.74,22.45,24.62,7739000.0
2012-07-27,24.6,25.03,24.18,24.62,5129100.0
2012-07-30,24.52,25.19,24.52,25.05,2992500.0
2012-07-31,24.83,25.19,24.77,24.98,2608600.0
2012-08-01,24.94,25.11,24.6101,24.69,1889700.0
2012-08-02,24.31,24.8,24.16,24.41,2563300.0
2012-08-03,24.9,25.87,24.85,25.34,3180400.0
2012-08-06,25.53,25.92,25.42,25.69,1614500.0
2012-08-07,25.97,26.25,25.93,26.1,1820000.0
2012-08-08,25.84,26.19,25.64,25.84,1254600.0
2012-08-09,25.69,25.77,25.33,25.69,1980500.0
2012-08-10,25.52,25.785,25.48,25.68,1210200.0
2012-08-13,25.58,25.66,25.33,25.62,1301600.0
2012-08-14,25.99,26.06,25.55,25.63,1162800.0
2012-08-15,25.65,25.88,25.62,25.74,902700.0
2012-08-16,25.88,26.0,25.58,25.89,1358600.0
2012-08-17,25.98,26.28,25.75,26.21,1728400.0
2012-08-20,25.93,26.18,25.9,26.0,1161900.0
2012-08-21,26.29,26.58,25.98,26.05,1594400.0
2012-08-22,25.85,26.16,25.65,25.99,1468500.0
2012-08-23,25.86,26.01,25.6,25.63,1387800.0
2012-08-24,25.51,25.75,25.36,25.57,1087300.0
2012-08-27,25.8,26.33,25.5,26.08,2322000.0
2012-08-28,26.08,27.1,25.97,26.94,4214200.0
2012-08-29,26.94,27.49,26.88,27.27,2616200.0
2012-08-30,27.1,27.31,26.87,26.9,1431100.0
2012-08-31,27.31,27.37,26.9,27.02,1482000.0
2012-09-04,27.19,27.26,26.58,26.93,1435100.0
2012-09-05,27.08,27.54,26.935,27.53,2534000.0
2012-09-06,27.65,28.83,27.65,28.72,3620400.0
2012-09-07,28.72,29.705,28.72,29.57,2582300.0
2012-09-10,29.44,29.65,29.13,29.13,2303900.0
2012-09-11,29.31,30.0,29.31,29.79,2363300.0
2012-09-12,29.96,30.07,29.42,29.61,2442800.0
2012-09-13,29.85,30.485,29.56,30.37,2054600.0
2012-09-14,30.87,31.1,30.57,30.86,2492400.0
2012-09-17,30.85,30.85,30.04,30.2,2078000.0
2012-09-18,30.05,30.33,29.785,30.25,1773600.0
2012-09-19,30.42,31.62,30.41,31.25,3840300.0
2012-09-20,30.98,31.09,30.87,30.95,2472800.0
2012-09-21,31.33,31.34,30.94,31.15,2720700.0
2012-09-24,30.7,30.76,30.41,30.42,2837300.0
2012-09-25,31.5,31.97,30.451,30.59,5750500.0
2012-09-26,30.21,30.365,29.69,30.11,2815000.0
2012-09-27,30.26,30.55,29.97,30.28,1753900.0
2012-09-28,30.02,30.33,29.96,30.21,1830900.0
2012-10-01,30.29,30.86,30.29,30.41,1548100.0
2012-10-02,30.7,30.79,30.33,30.49,1245900.0
2012-10-03,30.44,30.87,30.26,30.69,1594100.0
2012-10-04,30.9,31.25,30.89,31.08,1815500.0
2012-10-05,31.6,31.94,31.38,31.52,2022500.0
2012-10-08,31.3,31.72,31.15,31.38,1064000.0
2012-10-09,31.42,31.5,30.89,31.02,1616000.0
2012-10-10,30.99,31.11,30.57,30.68,1500000.0
2012-10-11,30.92,31.25,30.775,31.0,1914700.0
2012-10-12,30.73,30.88,30.31,30.56,1666300.0
2012-10-15,30.59,30.78,30.255,30.65,1671600.0
2012-10-16,30.85,31.31,30.8,31.25,1840400.0
2012-10-17,31.36,32.6,31.33,32.3,2179800.0
2012-10-18,32.36,33.05,32.03,32.57,1412300.0
2012-10-19,32.17,32.56,31.69,32.01,1450000.0
2012-10-22,32.3,32.5301,31.84,32.23,979500.0
2012-10-23,31.24,31.62,30.98,31.25,1907700.0
2012-10-24,31.37,31.4,30.94,31.15,2387300.0
2012-10-25,32.66,34.75,32.63,33.74,9968800.0
2012-10-26,33.47,34.025,33.24,33.59,2903700.0
2012-10-31,33.85,33.92,33.44,33.67,1872700.0
2012-11-01,34.0,34.69,34.0,34.5,1805800.0
2012-11-02,34.93,34.94,34.48,34.74,2797400.0
2012-11-05,34.43,35.045,34.32,34.97,1579000.0
2012-11-06,35.09,35.16,34.88,34.94,1779700.0
2012-11-07,34.23,34.7,33.86,34.4,2049100.0
2012-11-08,34.63,34.67,33.44,33.57,2062500.0
2012-11-09,33.7,34.695,33.46,34.44,2382900.0
2012-11-12,34.52,34.68,34.18,34.29,987100.0
2012-11-13,33.87,34.95,33.87,34.54,1721900.0
2012-11-14,34.92,34.96,33.99,34.04,1803700.0
2012-11-15,33.85,34.22,33.335,33.72,1821400.0
2012-11-16,33.71,33.93,32.83,33.09,2593400.0
2012-11-19,33.69,34.21,33.585,33.77,2254000.0
2012-11-20,33.97,34.32,33.78,33.98,1254500.0
2012-11-21,34.15,34.15,33.7,33.85,1137200.0
2012-11-23,34.33,35.005,34.33,34.93,724400.0
2012-11-26,34.86,35.08,34.4874,35.0,1817600.0
2012-11-27,34.8,35.14,34.75,34.83,1894600.0
2012-11-28,34.6,34.919,34.49,34.8,1439200.0
2012-11-29,35.03,35.29,34.68,35.22,1478100.0
2012-11-30,35.32,35.5,34.85,35.25,1580400.0
2012-12-03,35.58,35.67,35.19,35.2,1176500.0
2012-12-04,34.92,34.965,34.0,34.84,2934600.0
2012-12-05,34.83,34.84,34.03,34.37,1448400.0
2012-12-06,34.59,34.84,34.34,34.83,1585300.0
2012-12-07,34.89,35.15,34.8204,35.01,753100.0
2012-12-10,35.0,35.14,34.79,34.84,1039700.0
2012-12-11,35.03,35.1,34.74,35.0,1331100.0
2012-12-12,35.13,35.485,34.8,34.84,1988400.0
2012-12-13,34.91,34.91,34.05,34.39,1764800.0
2012-12-14,34.19,34.59,33.94,34.02,1695300.0
2012-12-17,34.26,35.04,33.995,34.99,3403600.0
2012-12-18,35.19,36.13,35.12,35.53,3420100.0
2012-12-19,35.99,36.18,35.09,35.14,3705800.0
2012-12-20,34.4,35.03,33.53,34.57,5672500.0
2012-12-21,34.33,34.68,34.08,34.16,2201600.0
2012-12-24,34.45,34.45,33.56,33.75,506700.0
2012-12-26,33.78,33.9399,33.38,33.57,653200.0
2012-12-27,33.74,33.92,32.94,33.62,865400.0
2012-12-28,33.2,33.55,32.92,33.23,984400.0
2012-12-31,33.1,34.1699,33.0925,34.0,1503000.0
2013-01-02,34.77,35.43,34.75,35.39,2237400.0
2013-01-03,35.36,35.84,34.96,35.79,2030000.0
2013-01-04,35.47,36.005,35.14,35.79,1900900.0
2013-01-07,35.39,35.895,35.315,35.61,1736500.0
2013-01-08,35.52,35.7,35.09,35.22,1550100.0
2013-01-09,35.59,35.98,35.59,35.6,1950500.0
2013-01-10,36.13,36.16,35.48,35.71,1710500.0
2013-01-11,35.79,35.86,35.22,35.49,1400000.0
2013-01-14,35.75,36.04,35.67,35.96,1577100.0
2013-01-15,35.76,36.25,35.65,36.2,1702200.0
2013-01-16,36.89,36.99,36.36,36.6,1793300.0
2013-01-17,37.03,37.725,36.74,37.38,2082300.0
2013-01-18,37.67,37.68,36.7,36.9,2771900.0
2013-01-22,37.02,37.07,36.56,36.98,1651800.0
2013-01-23,37.41,38.16,37.24,37.93,2915600.0
2013-01-24,37.83,38.48,37.69,37.88,1391100.0
2013-01-25,38.05,38.56,37.955,38.42,1334800.0
2013-01-28,38.29,38.34,37.72,38.06,1691100.0
2013-01-29,37.71,37.83,37.41,37.48,2020800.0
2013-01-30,37.28,37.49,37.06,37.2,1851600.0
2013-01-31,36.75,36.83,35.89,36.2,3631000.0
2013-02-01,36.71,37.1,35.98,36.79,3523500.0
2013-02-04,36.82,37.43,35.18,35.53,8105700.0
2013-02-05,35.6,36.105,35.36,35.88,2757400.0
2013-02-06,35.64,36.02,35.44,35.99,2149700.0
2013-02-07,36.05,36.09,35.47,35.93,1463800.0
2013-02-08,35.76,36.21,35.75,36.13,1114000.0
2013-02-11,36.0,36.29,35.93,36.23,1272900.0
2013-02-12,36.21,36.65,36.21,36.44,1220300.0
2013-02-13,36.29,36.38,35.23,35.61,2345600.0
2013-02-14,35.28,35.69,35.12,35.66,1598800.0
2013-02-15,35.65,36.1899,35.39,35.67,2198600.0
2013-02-19,35.4,35.6,34.9,35.34,1849600.0
2013-02-20,35.45,35.48,34.42,34.52,1601500.0
2013-02-21,34.2,34.2,33.65,33.83,2558200.0
2013-02-22,34.02,34.12,33.54,33.73,1878400.0
2013-02-25,33.93,34.79,33.67,33.67,3476600.0
2013-02-26,34.01,34.19,33.47,33.88,2019400.0
2013-02-27,33.9,34.75,33.9,34.67,2262100.0
2013-02-28,34.53,35.2,34.51,34.87,2736600.0
2013-03-01,34.5,35.15,34.22,35.0,2178300.0
2013-03-04,34.87,35.36,34.78,35.06,1970000.0
2013-03-05,35.27,35.28,34.59,34.7,2465900.0
2013-03-06,34.86,35.025,34.39,34.5,2881700.0
2013-03-07,34.5,34.9,34.33,34.35,2571600.0
2013-03-08,34.83,34.83,33.22,33.31,7504600.0
2013-03-11,33.42,34.38,33.22,33.83,2792400.0
2013-03-12,33.94,33.98,33.6,33.68,2651800.0
2013-03-13,33.63,33.75,33.43,33.52,1507400.0
2013-03-14,33.43,34.39,33.36,34.38,6347700.0
2013-03-15,33.51,34.36,33.33,33.71,4837100.0
2013-03-18,33.06,33.88,32.81,33.54,2745600.0
2013-03-19,33.56,33.59,32.58,32.85,2139100.0
2013-03-20,33.05,33.19,32.31,32.71,2717500.0
2013-03-21,32.28,32.6,32.09,32.1,2358700.0
2013-03-22,32.11,32.32,31.84,32.03,2635700.0
2013-03-25,32.09,32.32,31.72,31.84,2431200.0
2013-03-26,31.83,32.41,31.83,32.38,2180000.0
2013-03-27,32.23,32.58,32.01,32.51,1616500.0
2013-03-28,32.37,33.45,32.37,33.22,3573400.0
2013-04-01,33.25,33.34,32.53,32.62,2325400.0
2013-04-02,32.76,33.01,32.6,32.81,1334700.0
2013-04-03,32.99,33.12,32.015,32.18,2425700.0
2013-04-04,32.14,32.14,31.62,32.04,2016600.0
2013-04-05,31.35,32.31,31.35,32.28,1525200.0
2013-04-08,32.15,32.76,32.11,32.72,954400.0
2013-04-09,32.65,33.185,32.6,33.0,1772200.0
2013-04-10,32.96,33.4,32.91,33.19,1645700.0
2013-04-11,33.05,33.53,33.05,33.29,1751800.0
2013-04-12,33.02,33.31,32.79,33.28,1419800.0
2013-04-15,32.83,33.39,32.59,32.61,2743900.0
2013-04-16,32.9,33.29,32.74,33.14,1676000.0
2013-04-17,32.66,33.56,32.61,33.54,2923700.0
2013-04-18,33.56,33.8,32.93,33.18,3084200.0
2013-04-19,33.47,33.65,33.17,33.39,1482700.0
2013-04-22,33.26,33.71,33.02,33.71,2868900.0
2013-04-23,33.82,34.48,33.79,34.43,2454800.0
2013-04-24,34.31,34.64,34.07,34.29,3091100.0
2013-04-25,35.83,37.36,35.53,36.07,6771200.0
2013-04-26,36.05,36.07,35.32,35.92,2160900.0
2013-04-29,36.12,36.4,35.92,36.24,2797400.0
2013-04-30,36.55,36.78,36.19,36.53,2115900.0
2013-05-01,36.37,36.63,36.25,36.31,1403900.0
2013-05-02,36.54,36.66,36.35,36.55,1457000.0
2013-05-03,36.95,37.21,36.89,36.99,2164900.0
2013-05-06,37.12,37.14,36.775,37.09,1686600.0
2013-05-07,37.27,37.52,37.02,37.52,1307100.0
2013-05-08,37.54,37.585,37.1875,37.52,1208300.0
2013-05-09,37.54,37.62,37.12,37.27,913200.0
2013-05-10,37.32,37.54,37.22,37.51,743500.0
2013-05-13,37.32,37.54,37.2,37.42,1225600.0
2013-05-14,37.3,38.11,37.25,37.88,1636500.0
2013-05-15,37.91,38.45,37.8,38.08,1498800.0
2013-05-16,38.33,38.62,37.83,37.88,1548600.0
2013-05-17,37.86,38.03,37.481,37.54,892400.0
2013-05-20,37.53,37.87,37.43,37.81,1534500.0
2013-05-21,37.2,37.25,36.62,36.89,3584100.0
2013-05-22,36.81,36.97,36.08,36.18,2212100.0
2013-05-23,35.67,36.28,35.55,36.04,1423300.0
2013-05-24,35.85,36.31,35.82,36.13,838300.0
2013-05-28,35.73,36.2,35.44,35.71,2692400.0
2013-05-29,35.4,35.52,35.06,35.1,2005300.0
2013-05-30,35.38,36.205,35.27,35.83,1596600.0
2013-05-31,35.4,35.4,34.95,35.01,2519800.0
2013-06-03,35.09,35.1,34.56,34.9,2546300.0
2013-06-04,34.84,35.01,34.09,34.37,2019700.0
2013-06-05,34.38,34.38,33.44,33.5,1755600.0
2013-06-06,33.39,33.55,33.03,33.29,2336500.0
2013-06-07,33.49,34.245,33.22,33.99,2325000.0
2013-06-10,34.23,34.34,33.76,34.17,1692400.0
2013-06-11,33.6,33.8399,33.16,33.51,1683200.0
2013-06-12,33.83,33.87,33.279,33.39,1314600.0
2013-06-13,33.5,34.49,33.494,34.38,1436200.0
2013-06-14,34.11,34.28,33.88,33.98,1899100.0
2013-06-17,34.2,34.51,34.07,34.17,1271000.0
2013-06-18,33.98,34.54,33.98,34.26,2268500.0
2013-06-19,34.23,34.41,33.59,33.64,2715200.0
2013-06-20,32.98,33.05,32.09,32.23,2727500.0
2013-06-21,32.57,32.67,31.66,32.24,2396200.0
2013-06-24,31.54,32.14,31.37,31.82,2201600.0
2013-06-25,32.69,33.35,32.6,33.1,2485800.0
2013-06-26,33.01,33.51,33.01,33.23,1528700.0
2013-06-27,33.44,33.75,33.35,33.47,945700.0
2013-06-28,33.15,33.78,33.15,33.34,1721800.0
2013-07-01,33.59,34.52,33.58,34.25,1555200.0
2013-07-02,34.03,34.34,33.8,33.96,1230000.0
2013-07-03,33.51,33.65,33.31,33.31,1242600.0
2013-07-05,33.72,34.3,33.63,34.25,905700.0
2013-07-08,34.46,34.56,33.98,34.15,994500.0
2013-07-09,34.46,34.82,34.19,34.75,1103600.0
2013-07-10,34.83,34.95,34.54,34.92,1184100.0
2013-07-11,35.59,36.0,35.48,35.94,1449000.0
2013-07-12,35.9,35.93,35.34,35.57,855500.0
2013-07-15,35.54,35.66,35.14,35.3,1149500.0
2013-07-16,35.3,35.81,34.95,35.8,1408700.0
2013-07-17,36.12,37.01,36.11,36.83,2832900.0
2013-07-18,36.75,37.03,36.49,36.77,2153300.0
2013-07-19,36.74,36.78,36.32,36.35,745600.0
2013-07-22,36.29,36.53,36.18,36.28,812100.0
2013-07-23,36.5,36.79,36.44,36.67,932100.0
2013-07-24,36.92,36.95,36.27,36.37,1593900.0
2013-07-25,37.0,37.26,35.86,36.57,3690300.0
2013-07-26,37.13,37.69,36.93,37.05,1924700.0
2013-07-29,36.72,37.12,36.41,36.68,1034800.0
2013-07-30,37.17,37.56,37.12,37.37,1595000.0
2013-07-31,37.61,38.24,37.6,38.09,2230700.0
2013-08-01,38.52,39.28,38.28,39.22,2218200.0
2013-08-02,38.88,39.23,38.77,39.09,956700.0
2013-08-05,38.92,38.98,38.3,38.4,1066600.0
2013-08-06,38.69,38.96,38.05,38.25,1536500.0
2013-08-07,38.22,38.37,37.8301,37.94,1137100.0
2013-08-08,38.35,38.545,38.08,38.3,1561100.0
2013-08-09,38.46,38.55,37.71,37.77,1272600.0
2013-08-12,37.68,37.865,37.48,37.81,1117400.0
2013-08-13,38.04,39.2,37.93,39.15,2610000.0
2013-08-14,39.28,39.9,39.27,39.37,2038200.0
2013-08-15,39.29,39.31,38.66,38.93,1192000.0
2013-08-16,38.99,39.25,38.56,38.65,896000.0
2013-08-19,38.67,38.67,37.62,37.73,1491100.0
2013-08-20,37.74,38.41,37.7201,38.05,875900.0
2013-08-21,38.59,38.88,38.19,38.24,1844100.0
2013-08-22,38.22,39.0,38.18,38.73,1691400.0
2013-08-23,38.89,38.945,38.48,38.66,1009400.0
2013-08-26,38.55,39.17,38.55,38.72,814700.0
2013-08-27,37.64,37.64,36.66,36.69,2585700.0
2013-08-28,36.36,36.499,35.67,35.89,2773400.0
2013-08-29,35.93,36.85,35.93,36.4,1327900.0
2013-08-30,36.79,36.88,36.33,36.69,1643500.0
2013-09-03,36.99,37.15,36.66,36.9,1527800.0
2013-09-04,36.46,37.32,36.39,37.02,2597700.0
2013-09-05,36.79,37.33,36.74,37.1,1293200.0
2013-09-06,37.01,37.37,36.5,37.14,1740300.0
2013-09-09,37.2,37.55,37.05,37.24,1633400.0
2013-09-10,38.38,38.58,38.1,38.23,3316400.0
2013-09-11,38.5,38.93,38.37,38.72,1507700.0
2013-09-12,39.95,40.0,38.8,38.95,3757100.0
2013-09-13,39.25,39.28,38.81,39.19,1237000.0
2013-09-16,39.99,40.17,39.62,39.79,1978400.0
2013-09-17,40.06,40.12,39.75,40.06,865600.0
2013-09-18,40.13,40.6,39.59,40.29,1247000.0
2013-09-19,40.35,40.71,40.13,40.44,1339800.0
2013-09-20,40.03,40.05,39.21,39.34,1700200.0
2013-09-23,39.67,39.6799,39.05,39.38,1052500.0
2013-09-24,38.82,38.93,37.74,38.66,4364700.0
2013-09-25,38.21,39.1,37.94,38.97,3141200.0
2013-09-26,38.8,38.91,38.31,38.5,1659200.0
2013-09-27,38.51,38.64,38.31,38.4,1207400.0
2013-09-30,37.93,38.5,37.87,38.28,1496500.0
2013-10-01,38.43,38.94,38.42,38.94,1216000.0
2013-10-02,38.63,38.94,38.5,38.94,939200.0
2013-10-03,38.64,38.91,38.06,38.08,1386700.0
2013-10-04,38.31,39.05,38.2,38.77,1382500.0
2013-10-07,38.19,38.45,37.58,37.65,1501300.0
2013-10-08,37.52,37.62,35.97,36.29,3739900.0
2013-10-09,36.37,36.8,35.98,36.51,1884400.0
2013-10-10,37.04,37.16,36.55,36.94,1830900.0
2013-10-11,36.75,37.31,36.62,37.31,1592200.0
2013-10-14,36.83,37.27,36.53,37.17,1606100.0
2013-10-15,37.35,37.38,36.68,36.72,2564600.0
2013-10-16,37.17,37.905,37.13,37.67,2870500.0
2013-10-17,37.82,38.79,37.56,38.78,1963900.0
2013-10-18,38.98,39.41,38.6575,39.28,2342200.0
2013-10-21,39.25,39.38,38.93,39.37,1561900.0
2013-10-22,39.34,39.93,39.34,39.77,1889000.0
2013-10-23,39.36,39.87,39.165,39.75,2882400.0
2013-10-24,41.43,42.45,41.4,42.35,5865400.0
2013-10-25,42.76,43.53,42.41,43.47,2751000.0
2013-10-28,43.15,43.48,43.0,43.41,2630500.0
2013-10-29,43.25,43.35,42.71,43.06,2092000.0
2013-10-30,42.93,43.11,42.12,42.38,2248300.0
2013-10-31,42.11,42.71,42.03,42.04,1685600.0
2013-11-01,42.1,42.56,42.1,42.46,1012500.0
2013-11-04,42.59,42.89,42.21,42.86,1236500.0
2013-11-05,42.5,43.1,42.34,42.84,1733800.0
2013-11-06,43.1,43.69,42.87,43.66,1979000.0
2013-11-07,43.27,43.4,42.1,42.16,2057400.0
2013-11-08,42.08,43.02,42.08,43.02,947500.0
2013-11-11,42.8,43.295,42.8,43.28,752900.0
2013-11-12,42.76,43.07,42.735,42.87,1405200.0
2013-11-13,42.07,43.22,42.0,43.2,2460700.0
2013-11-14,43.35,43.93,43.0,43.76,1458800.0
2013-11-15,43.67,44.09,43.56,43.76,1527300.0
2013-11-18,43.76,43.96,43.27,43.35,799200.0
2013-11-19,43.22,43.405,42.93,42.98,818100.0
2013-11-20,43.15,43.3,42.49,42.59,1189600.0
2013-11-21,42.92,43.8,42.8,43.63,1263300.0
2013-11-22,43.7,44.59,43.51,44.26,2207700.0
2013-11-25,44.1,44.24,43.7,43.73,766300.0
2013-11-26,43.58,44.41,43.57,44.25,1311000.0
2013-11-27,44.33,44.69,44.14,44.26,884100.0
2013-11-29,44.22,44.57,43.995,44.05,563600.0
2013-12-02,43.96,44.18,43.73,43.79,720300.0
2013-12-03,43.68,43.76,43.15,43.31,1700900.0
2013-12-04,42.94,43.57,42.7901,43.26,1277100.0
2013-12-05,43.08,43.14,42.6,42.75,1061400.0
2013-12-06,43.33,43.46,43.07,43.36,816900.0
2013-12-09,43.52,44.03,43.5,44.01,757900.0
2013-12-10,43.84,44.41,43.77,44.0,1113100.0
2013-12-11,43.87,44.06,43.41,43.46,910800.0
2013-12-12,42.95,43.305,42.81,43.0,1149100.0
2013-12-13,43.2799,43.84,43.0,43.71,1235500.0
2013-12-16,43.85,44.395,43.81,44.13,979700.0
2013-12-17,44.06,44.48,43.9,44.2,1528800.0
2013-12-18,44.06,44.91,43.74,44.74,1352400.0
2013-12-19,45.87,46.16,45.23,45.91,3838100.0
2013-12-20,45.81,47.05,45.81,46.96,2173000.0
2013-12-23,47.39,47.6,46.88,47.05,1279000.0
2013-12-24,47.05,47.58,46.95,47.44,279700.0
2013-12-26,47.56,47.66,47.119,47.14,525500.0
2013-12-27,47.25,47.59,47.1,47.14,617500.0
2013-12-30,46.9,47.46,46.9,47.31,420800.0
2013-12-31,47.34,47.65,47.18,47.42,567000.0
2014-01-02,47.17,47.38,46.9,47.17,813600.0
2014-01-03,47.27,47.47,46.94,47.17,698400.0
2014-01-06,47.04,47.14,46.11,46.16,1519900.0
2014-01-07,46.33,46.68,46.02,46.06,1333900.0
2014-01-08,46.22,46.655,45.95,46.56,1720700.0
2014-01-09,46.87,47.81,46.65,47.64,2400400.0
2014-01-10,47.46,49.11,47.42,49.09,3482300.0
2014-01-13,48.47,49.33,48.32,48.76,2541300.0
2014-01-14,48.71,49.19,48.45,49.15,1080500.0
2014-01-15,49.4,50.24,49.4,49.75,1895400.0
2014-01-16,49.37,50.0,49.23,49.89,1580000.0
2014-01-17,49.67,49.98,49.45,49.56,840100.0
2014-01-21,49.58,49.65,48.34,48.87,1805800.0
2014-01-22,49.21,49.72,48.93,49.53,1755000.0
2014-01-23,49.05,49.06,48.5,48.86,2595200.0
2014-01-24,48.39,48.4,47.06,47.13,2880900.0
2014-01-27,48.64,49.3,47.04,48.04,6706300.0
2014-01-28,48.4,49.8,48.37,49.66,4002700.0
2014-01-29,49.18,49.76,48.72,48.99,2750100.0
2014-01-30,49.29,51.0,49.29,50.83,3445000.0
2014-01-31,49.98,50.5,49.56,49.6,1813600.0
2014-02-03,49.7,49.84,47.66,48.0,3664600.0
2014-02-04,48.43,48.75,48.01,48.55,1735200.0
2014-02-05,48.69,48.91,48.26,48.69,2404600.0
2014-02-06,49.1,50.675,49.1,50.62,2358400.0
2014-02-07,50.78,51.18,50.02,50.61,1747300.0
2014-02-10,50.3,51.24,50.22,50.84,1724200.0
2014-02-11,51.01,52.61,50.75,52.31,2775900.0
2014-02-12,52.14,52.895,51.615,51.72,1811800.0
2014-02-13,50.97,52.3,50.89,52.22,1329000.0
2014-02-14,51.85,52.35,51.8101,52.26,1130900.0
2014-02-18,52.09,52.35,51.163,51.62,1861300.0
2014-02-19,51.28,51.85,51.05,51.13,986300.0
2014-02-20,51.01,51.43,50.8,51.37,918600.0
2014-02-21,51.59,52.06,51.44,51.87,1263200.0
2014-02-24,51.86,52.64,51.61,52.53,1261300.0
2014-02-25,53.0,53.42,52.72,53.06,1941100.0
2014-02-26,52.96,53.401,52.8,53.01,1075600.0
2014-02-27,52.87,53.35,52.45,53.32,1228200.0
2014-02-28,52.94,53.13,52.44,52.93,1636900.0
2014-03-03,51.2,51.5,50.55,51.22,3262600.0
2014-03-04,51.52,51.89,51.35,51.66,2646100.0
2014-03-05,51.46,51.59,50.88,50.97,2103500.0
2014-03-06,51.0001,51.54,50.85,51.42,1878300.0
2014-03-07,51.62,52.46,51.6101,51.89,2308400.0
2014-03-10,51.68,51.83,51.01,51.29,1178900.0
2014-03-11,51.29,51.73,50.5501,50.79,1693500.0
2014-03-12,50.45,51.19,49.98,51.11,1712000.0
2014-03-13,51.28,51.32,50.0,50.53,1662300.0
2014-03-14,50.1,50.66,50.06,50.35,855800.0
2014-03-17,50.62,51.22,50.62,51.09,891900.0
2014-03-18,51.22,53.205,51.22,53.12,2693900.0
2014-03-19,52.94,53.5,52.72,53.08,1796400.0
2014-03-20,52.68,54.49,52.68,54.44,2065900.0
2014-03-21,54.41,54.93,54.09,54.37,1857600.0
2014-03-24,54.3,54.52,52.955,53.08,1444000.0
2014-03-25,52.72,53.79,52.245,52.88,2371400.0
2014-03-26,52.91,52.97,51.93,51.94,1324800.0
2014-03-27,52.16,52.69,51.87,52.61,1754000.0
2014-03-28,52.6401,53.56,52.6401,53.54,1312900.0
2014-03-31,53.6,54.74,53.55,54.56,2146500.0
2014-04-01,54.97,56.125,54.94,56.12,1967700.0
2014-04-02,55.81,56.66,55.42,56.57,1399800.0
2014-04-03,56.17,56.38,55.21,55.68,2074500.0
2014-04-04,55.73,56.28,54.3,54.53,1349100.0
2014-04-07,54.43,54.72,52.6,52.76,1995800.0
2014-04-08,52.76,52.9,52.1,52.77,2211300.0
2014-04-09,53.09,53.99,52.75,53.88,1425600.0
2014-04-10,53.89,54.95,53.11,53.17,1983000.0
2014-04-11,52.3401,52.91,51.595,51.8,1600200.0
2014-04-14,51.74,52.13,50.56,51.04,1539100.0
2014-04-15,51.14,51.45,49.65,50.75,1590800.0
2014-04-16,51.19,51.21,50.63,51.11,1431100.0
2014-04-17,50.93,51.59,50.93,51.34,1180100.0
2014-04-21,51.27,51.356,50.71,51.03,1223100.0
2014-04-22,51.34,52.4,51.34,52.08,1958100.0
2014-04-23,52.17,53.35,52.17,52.63,3044700.0
2014-04-24,52.44,53.0,50.96,52.43,4092500.0
2014-04-25,51.96,52.26,51.16,51.36,1064900.0
2014-04-28,51.82,51.86,50.21,51.31,2765800.0
2014-04-29,51.72,52.64,51.64,52.63,1813500.0
2014-04-30,52.42,53.17,52.35,53.13,1858100.0
2014-05-01,53.1,53.52,52.46,52.6,1015700.0
2014-05-02,52.89,53.2,52.63,53.0,1483100.0
2014-05-05,52.67,52.94,52.166,52.87,1171600.0
2014-05-06,52.74,52.96,51.97,52.1,1161800.0
2014-05-07,52.1,52.66,51.538,52.04,1162100.0
2014-05-08,51.8,52.35,51.07,51.58,1310600.0
2014-05-09,51.92,51.98,51.18,51.37,886200.0
2014-05-12,51.68,52.8,51.6,52.6,1236400.0
2014-05-13,52.8,52.82,51.79,51.93,835100.0
2014-05-14,52.47,53.71,52.4,52.85,2803100.0
2014-05-15,52.47,52.47,50.96,51.95,2020500.0
2014-05-16,51.11,52.22,50.65,51.9,1687200.0
2014-05-19,51.58,52.71,51.37,52.61,1062400.0
2014-05-20,52.45,53.85,52.397,53.0,2754800.0
2014-05-21,53.15,54.07,53.09,54.02,1720600.0
2014-05-22,53.74,54.34,53.69,53.86,1184900.0
2014-05-23,53.74,54.29,53.11,54.21,934500.0
2014-05-27,54.53,54.93,53.93,54.15,1679600.0
2014-05-28,54.05,54.375,53.55,54.23,1396400.0
2014-05-29,54.47,54.915,54.29,54.75,861700.0
2014-05-30,54.3,55.44,54.13,55.29,1647100.0
2014-06-02,55.12,55.37,54.8033,55.22,716600.0
2014-06-03,54.7,55.74,54.56,55.56,1228100.0
2014-06-04,55.25,56.23,55.18,55.77,1126500.0
2014-06-05,56.09,56.43,55.751,56.32,795300.0
2014-06-06,56.32,56.88,56.26,56.8,827400.0
2014-06-09,56.72,57.33,56.535,57.12,1237100.0
2014-06-10,56.87,57.18,56.48,57.12,676200.0
2014-06-11,56.46,57.13,56.4001,56.95,648100.0
2014-06-12,56.49,56.55,54.2001,54.37,2111300.0
2014-06-13,54.01,54.46,53.25,54.0,2825200.0
2014-06-16,53.63,53.78,53.25,53.68,998100.0
2014-06-17,53.22,54.28,53.13,54.26,913800.0
2014-06-18,53.68,55.59,53.61,55.39,1799000.0
2014-06-19,55.13,55.84,55.11,55.7,1979000.0
2014-06-20,55.6,56.36,55.58,56.35,1348100.0
2014-06-23,56.09,57.2,56.0699,56.89,1761800.0
2014-06-24,55.91,57.38,55.87,56.16,2261000.0
2014-06-25,55.77,56.58,55.76,56.09,1197900.0
2014-06-26,56.22,56.63,55.88,56.04,1241900.0
2014-06-27,55.95,56.3299,55.625,55.8,894700.0
2014-06-30,55.5,55.98,55.23,55.6,1292100.0
2014-07-01,55.59,56.18,55.45,55.89,938100.0
2014-07-02,55.79,56.78,55.79,56.32,645200.0
2014-07-03,56.55,57.31,56.53,57.13,459100.0
2014-07-07,56.79,56.965,56.52,56.91,774100.0
2014-07-08,56.43,56.45,55.13,55.16,1290100.0
2014-07-09,55.21,55.46,54.44,54.81,1641500.0
2014-07-10,54.01,55.38,53.86,54.66,1464200.0
2014-07-11,54.71,55.075,54.39,54.97,670400.0
2014-07-14,55.39,55.68,55.03,55.08,847300.0
2014-07-15,54.97,55.17,54.63,54.96,1208800.0
2014-07-16,55.58,56.15,55.23,55.31,1134300.0
2014-07-17,54.84,55.16,53.66,53.92,1787800.0
2014-07-18,54.15,55.51,54.03,55.5,1125300.0
2014-07-21,55.43,55.44,54.59,55.39,946300.0
2014-07-22,55.48,56.68,55.47,56.59,1302800.0
2014-07-23,56.6,56.96,56.07,56.23,1844900.0
2014-07-24,60.0,61.36,59.98,60.56,5927000.0
2014-07-25,60.72,63.25,60.66,63.06,3442900.0
2014-07-28,62.88,63.47,62.405,62.58,1906100.0
2014-07-29,62.42,63.04,61.965,62.01,1616100.0
2014-07-30,62.06,62.33,61.25,61.8,1777100.0
2014-07-31,61.21,61.75,59.61,59.65,2442800.0
2014-08-01,59.42,60.45,58.8901,59.47,2066800.0
2014-08-04,59.52,61.54,59.45,61.38,2076700.0
2014-08-05,61.06,61.63,60.52,60.9,1968100.0
2014-08-06,60.44,61.8,60.16,61.03,1894900.0
2014-08-07,61.0,61.94,58.91,59.57,2761800.0
2014-08-08,59.71,60.11,59.39,59.53,1752600.0
2014-08-11,60.09,60.94,59.83,60.79,1264400.0
2014-08-12,61.04,61.51,60.41,61.02,1170400.0
2014-08-13,61.5,61.84,61.22,61.7,1009800.0
2014-08-14,61.86,62.81,61.76,62.72,1470900.0
2014-08-15,62.87,63.22,61.83,62.47,1029400.0
2014-08-18,63.22,63.72,63.1001,63.71,986900.0
2014-08-19,63.85,63.93,63.32,63.66,991200.0
2014-08-20,63.42,63.95,63.05,63.53,745100.0
2014-08-21,63.73,63.9,63.38,63.76,1299000.0
2014-08-22,63.51,63.95,63.11,63.58,1070000.0
2014-08-25,64.0,64.0,63.401,63.66,692300.0
2014-08-26,63.89,64.08,63.51,64.01,833200.0
2014-08-27,64.0,64.28,63.61,63.93,723800.0
2014-08-28,63.68,63.69,62.72,63.32,736700.0
2014-08-29,63.45,64.05,63.08,63.76,1117300.0
2014-09-02,63.86,64.39,63.6,64.37,988000.0
2014-09-03,65.03,66.07,64.682,65.0,1896100.0
2014-09-04,65.35,66.365,65.13,65.77,1170900.0
2014-09-05,65.7,66.98,65.37,66.98,1600500.0
2014-09-08,66.52,66.56,66.0,66.41,1261600.0
2014-09-09,66.28,66.86,65.91,66.07,872500.0
2014-09-10,66.1,66.8,65.83,66.37,939000.0
2014-09-11,66.61,67.75,66.61,67.6,1300300.0
2014-09-12,67.65,67.83,66.98,67.21,833400.0
2014-09-15,67.35,67.41,66.21,66.43,854300.0
2014-09-16,66.31,67.11,65.83,67.02,1299000.0
2014-09-17,67.14,68.37,67.14,67.93,1249500.0
2014-09-18,68.03,68.38,67.67,68.36,718300.0
2014-09-19,68.68,69.31,67.882,68.24,1788400.0
2014-09-22,68.2,68.22,67.26,67.7,1997011.0
2014-09-23,68.49,68.62,66.75,66.86,1815045.0
2014-09-24,66.95,67.77,66.66,67.65,1335715.0
2014-09-25,67.52,67.7,66.42,66.43,944077.0
2014-09-26,66.62,67.83,66.62,67.5,814521.0
2014-09-29,66.92,67.17,66.31,66.93,1110830.0
2014-09-30,67.34,67.765,67.06,67.29,1626991.0
2014-10-01,67.06,67.15,63.87,63.99,3278026.0
2014-10-02,64.03,64.5499,61.8,64.0,2386057.0
2014-10-03,64.62,66.8,64.59,66.38,2365272.0
2014-10-06,66.48,67.11,65.4,65.96,2208574.0
2014-10-07,64.97,65.02,61.49,62.09,4709709.0
2014-10-08,62.69,62.75,59.83,62.04,5379957.0
2014-10-09,61.32,62.05,58.0104,58.18,6073373.0
2014-10-10,57.65,59.22,56.8,57.82,4361465.0
2014-10-13,57.83,57.9,54.49,55.35,6381656.0
2014-10-14,56.44,57.64,54.91,56.61,4668572.0
2014-10-15,55.46,56.51,52.32,54.94,7322557.0
2014-10-16,54.07,57.0,53.75,56.36,4609935.0
2014-10-17,55.94,58.79,55.31,57.71,5213613.0
2014-10-20,58.7,61.31,58.37,61.23,5565762.0
2014-10-21,62.63,65.33,62.63,63.46,6505455.0
2014-10-22,63.83,64.68,62.87,63.42,4931618.0
2014-10-23,61.8,62.47,60.2031,62.29,7616053.0
2014-10-24,61.68,64.99,61.35,64.55,3094191.0
2014-10-27,63.9,64.37,63.39,63.83,1967192.0
2014-10-28,64.27,65.9,63.98,65.89,1999873.0
2014-10-29,67.25,67.5,66.75,67.33,3033965.0
2014-10-30,66.28,67.89,65.8,67.82,2537290.0
2014-10-31,68.33,68.73,67.58,67.97,2034985.0
2014-11-03,68.4,69.3,67.66,68.4,1737128.0
2014-11-04,67.53,67.66,66.08,66.29,3962862.0
2014-11-05,67.25,67.5,66.75,67.33,2035806.0
2014-11-06,67.48,68.07,66.95,67.78,1825470.0
2014-11-07,67.13,67.61,66.56,67.2,1627083.0
2014-11-10,67.11,68.21,66.88,67.98,1493095.0
2014-11-11,67.83,67.89,67.27,67.78,1230527.0
2014-11-12,67.29,67.86,66.77,67.56,1341909.0
2014-11-13,67.78,69.18,67.78,68.99,2174685.0
2014-11-14,69.06,70.07,69.04,69.57,2116528.0
2014-11-17,69.24,69.31,67.83,68.54,1369042.0
2014-11-18,68.89,70.33,68.79,69.82,1615867.0
2014-11-19,69.94,70.62,69.67,70.06,1738617.0
2014-11-20,70.38,70.46,69.69,70.08,945132.0
2014-11-21,70.75,70.85,70.23,70.42,1274635.0
2014-11-24,70.9,71.36,70.75,71.28,1085004.0
2014-11-25,71.03,71.22,70.59,70.83,1161809.0
2014-11-26,70.63,70.68,69.87,70.24,1061865.0
2014-11-28,72.35,74.76,72.2,73.74,2248170.0
2014-12-01,73.78,73.84,71.61,72.29,1826189.0
2014-12-02,75.64,76.77,75.06,76.75,8625307.0
2014-12-03,76.59,78.22,76.49,77.82,6004197.0
2014-12-04,77.77,78.65,77.42,77.46,34527509.0
2014-12-05,77.46,78.88,77.1,78.37,5093249.0
2014-12-08,78.26,80.19,77.94,79.23,4334067.0
2014-12-09,77.91,79.3,77.68,79.18,2802374.0
2014-12-10,78.33,78.58,77.515,77.65,3783645.0
2014-12-11,78.05,79.46,77.82,78.03,2817649.0
2014-12-12,77.93,79.16,77.65,77.97,2782501.0
2014-12-15,79.06,79.49,77.65,78.78,3230732.0
2014-12-16,78.0,78.82,76.67,76.76,2925684.0
2014-12-17,77.63,81.88,77.46,81.84,5383005.0
2014-12-18,80.81,81.69,77.94,79.35,5329312.0
2014-12-19,79.05,81.47,79.03,80.59,4478947.0
2014-12-22,81.01,82.2,80.99,81.6,1446929.0
2014-12-23,81.2,82.27,81.01,82.2,1523851.0
2014-12-24,82.26,83.21,82.1,82.36,569957.0
2014-12-26,82.49,82.715,82.02,82.27,701069.0
2014-12-29,82.6,83.897,82.36,83.56,1296316.0
2014-12-30,83.47,83.53,82.51,82.53,1040295.0
2014-12-31,82.79,83.72,82.33,82.43,1140301.0
2015-01-02,82.93,84.15,81.89,82.95,1358449.0
2015-01-05,82.97,83.49,80.88,81.71,1850560.0
2015-01-06,81.48,82.834,80.21,81.95,2600530.0
2015-01-07,82.18,83.8,81.96,83.19,2434712.0
2015-01-08,83.94,84.729,83.87,84.51,2719587.0
2015-01-09,82.86,84.68,82.02,83.92,2529077.0
2015-01-12,83.88,84.34,82.3901,83.26,1477169.0
2015-01-13,83.58,84.53,82.6,83.27,2114884.0
2015-01-14,82.52,82.52,81.01,81.94,1890700.0
2015-01-15,82.25,82.79,81.18,81.5,1222924.0
2015-01-16,81.57,83.03,81.07,82.99,1386976.0
2015-01-20,83.84,83.84,81.785,83.0,2346099.0
2015-01-21,82.79,83.978,82.49,83.21,1871468.0
2015-01-22,83.29,85.56,82.78,85.13,1961380.0
2015-01-23,85.4,85.48,84.33,84.51,1348354.0
2015-01-26,84.17,84.85,83.42,84.75,1877916.0
2015-01-27,84.27,85.49,83.54,84.71,1628164.0
2015-01-28,85.15,85.25,81.5606,81.8,2464231.0
2015-01-29,76.7,80.74,75.01,77.29,8256363.0
2015-01-30,76.36,77.0,74.72,75.55,4085691.0
2015-02-02,74.9,75.28,72.79,74.74,3314280.0
2015-02-03,75.26,75.4,74.51,75.0,3013311.0
2015-02-04,74.93,75.13,73.89,74.34,2326092.0
2015-02-05,75.0,76.24,74.841,76.01,2454547.0
2015-02-06,75.74,76.997,75.38,75.64,1781314.0
2015-02-09,74.72,75.75,73.59,73.75,2169948.0
2015-02-10,74.12,76.05,74.11,75.82,2384780.0
2015-02-11,75.65,77.66,75.65,76.36,3058734.0
2015-02-12,76.7,76.89,76.2,76.75,1719492.0
2015-02-13,75.74,76.219,74.54,75.56,3293721.0
2015-02-17,75.21,76.12,74.0,74.26,3116839.0
2015-02-18,74.72,75.98,74.59,75.58,2158387.0
2015-02-19,76.22,77.8,76.22,76.97,2524474.0
2015-02-20,76.86,76.86,75.56,76.17,1570255.0
2015-02-23,76.68,76.87,76.269,76.81,1504438.0
2015-02-24,76.59,76.93,75.64,76.9,2088257.0
2015-02-25,76.56,78.3,76.51,77.59,2120663.0
2015-02-26,77.98,78.35,76.19,76.8,2309342.0
2015-02-27,76.91,77.5,76.07,76.42,1682771.0
2015-03-02,76.39,79.2,76.39,79.01,2149514.0
2015-03-03,78.87,80.21,78.77,79.66,2863288.0
2015-03-04,79.3,80.45,78.42,80.39,2218236.0
2015-03-05,81.08,81.84,80.95,81.52,2273329.0
2015-03-06,80.65,80.94,79.04,79.58,2146214.0
2015-03-09,79.38,79.58,78.09,79.12,2267594.0
2015-03-10,78.16,78.38,77.52,77.63,2285152.0
2015-03-11,77.6,78.1625,76.08,76.18,2456894.0
2015-03-12,76.66,78.41,76.58,78.36,1887724.0
2015-03-13,77.78,78.74,76.91,77.55,2233270.0
2015-03-16,78.38,79.26,77.74,79.05,1651945.0
2015-03-17,78.39,78.76,77.14,77.17,1512575.0
2015-03-18,77.01,79.11,76.8,78.8,1859797.0
2015-03-19,79.01,80.12,78.72,79.98,2264251.0
2015-03-20,80.09,80.4899,79.67,79.98,1793248.0
2015-03-23,79.67,79.9,78.32,78.36,1787490.0
2015-03-24,78.73,79.39,78.1101,78.35,1240136.0
2015-03-25,77.71,77.8,75.26,75.3,3396208.0
2015-03-26,74.05,75.47,73.24,75.0,2771508.0
2015-03-27,77.16,80.1,76.92,79.85,5257371.0
2015-03-30,80.01,80.89,79.6,80.75,2525340.0
2015-03-31,80.2,82.03,79.82,81.85,2751214.0
2015-04-01,81.8,82.32,80.67,82.21,2343016.0
2015-04-02,82.09,83.32,81.94,82.45,1654093.0
2015-04-06,81.73,82.64,81.56,82.3,1684137.0
2015-04-07,82.35,82.95,80.68,80.72,1776489.0
2015-04-08,81.4,81.89,80.83,81.47,2130449.0
2015-04-09,81.54,82.06,80.99,82.01,1788181.0
2015-04-10,82.2,82.23,80.939,81.24,1232827.0
2015-04-13,81.18,81.61,79.88,79.99,1858352.0
2015-04-14,80.01,80.2,79.12,80.08,1569026.0
2015-04-15,80.13,80.425,79.33,79.44,2582554.0
2015-04-16,79.79,80.495,78.64,80.3,2457767.0
2015-04-17,79.5,79.5,78.15,79.03,2993298.0
2015-04-20,74.61,75.1,71.64,72.71,12691569.0
2015-04-21,73.68,74.25,73.0,73.91,4934964.0
2015-04-22,74.15,74.22,73.18,73.23,2528542.0
2015-04-23,73.61,73.91,72.5,72.73,2879918.0
2015-04-24,73.43,73.48,72.37,72.47,2402903.0
2015-04-27,72.99,73.15,70.19,70.46,3354708.0
2015-04-28,70.52,71.1,69.07,70.01,3264349.0
2015-04-29,69.68,70.01,67.85,68.61,3033808.0
2015-04-30,68.96,69.32,67.583,68.06,1738934.0
2015-05-01,68.24,68.9616,67.75,67.94,2261258.0
2015-05-04,68.7,69.38,67.845,68.23,1992735.0
2015-05-05,68.05,68.32,66.55,66.69,2105441.0
2015-05-06,67.08,67.16,65.91,66.9,2777030.0
2015-05-07,67.36,69.2,67.28,68.69,3552467.0
2015-05-08,70.86,72.64,70.7,72.45,5169666.0
2015-05-11,72.76,74.18,72.37,72.56,3714394.0
2015-05-12,72.29,72.91,71.45,72.39,1840144.0
2015-05-13,72.39,72.61,71.555,71.72,1224512.0
2015-05-14,72.43,74.555,72.29,74.45,3103626.0
2015-05-15,74.48,75.35,74.1,74.73,2363841.0
2015-05-18,74.39,75.89,74.26,75.72,1800240.0
2015-05-19,77.25,77.8,76.52,77.1,2679087.0
2015-05-20,76.61,77.82,76.36,76.5,1882934.0
2015-05-21,76.1,76.55,75.48,75.93,1646621.0
2015-05-22,76.0,76.44,75.58,76.22,1434831.0
2015-05-26,75.91,76.33,75.39,75.82,1969453.0
2015-05-27,76.29,77.74,76.1,77.47,2147766.0
2015-05-28,76.88,77.19,75.55,76.32,1811250.0
2015-05-29,75.3,76.75,75.28,75.98,2549565.0
2015-06-01,75.5,76.42,75.41,76.16,1893315.0
2015-06-02,75.78,77.86,75.72,77.26,2223244.0
2015-06-03,77.31,78.9,77.25,78.8,2784534.0
2015-06-04,78.43,79.65,77.75,78.17,1911390.0
2015-06-05,77.51,79.11,77.24,78.77,1523400.0
2015-06-08,78.6,78.92,78.01,78.19,1567345.0
2015-06-09,77.47,77.74,76.605,77.62,1772801.0
2015-06-10,77.11,77.99,76.34,76.63,2543190.0
2015-06-11,77.08,77.72,76.75,77.63,1605526.0
2015-06-12,77.1,77.49,76.65,76.8,1148955.0
2015-06-15,75.92,76.83,75.51,76.64,1445843.0
2015-06-16,76.38,77.22,76.23,77.05,1154649.0
2015-06-17,77.03,77.38,76.55,77.02,1769389.0
2015-06-18,77.22,79.86,77.22,79.62,2053591.0
2015-06-19,79.21,80.2,79.18,79.8,3920281.0
2015-06-22,81.03,81.82,80.3,81.38,2075837.0
2015-06-23,81.48,81.74,79.79,80.5,1882958.0
2015-06-24,80.95,81.6,79.9,79.93,2182408.0
2015-06-25,80.57,80.95,79.77,79.95,1492050.0
2015-06-26,80.29,80.92,79.73,79.8,1352447.0
2015-06-29,78.96,79.47,76.81,76.91,1699843.0
2015-06-30,77.87,79.27,77.61,78.69,2202204.0
2015-07-01,79.96,80.47,78.22,79.0,2196096.0
2015-07-02,79.22,80.0,78.1,78.78,1323631.0
2015-07-06,78.25,79.71,77.91,78.4,1814764.0
2015-07-07,78.44,80.1,77.74,80.0,2196579.0
2015-07-08,78.86,79.44,78.335,78.47,1879073.0
2015-07-09,79.67,79.9,78.37,78.51,1057010.0
2015-07-10,79.71,82.68,79.6,82.41,2411658.0
2015-07-13,83.16,83.5,82.21,83.14,1840483.0
2015-07-14,83.19,84.22,82.97,83.62,1295730.0
2015-07-15,83.41,84.4,83.03,83.59,1505444.0
2015-07-16,84.45,85.07,83.73,84.95,1466340.0
2015-07-17,84.9,85.28,83.93,84.28,1306635.0
2015-07-20,84.36,85.21,84.35,84.75,1262664.0
2015-07-21,85.46,85.63,83.97,84.6,1285200.0
2015-07-22,84.71,85.22,83.96,84.9,1197444.0
2015-07-23,85.09,85.17,82.77,83.17,1363917.0
2015-07-24,83.17,83.27,82.06,82.6,1417982.0
2015-07-27,82.32,82.59,81.29,81.69,1005652.0
2015-07-28,82.22,83.14,81.73,82.7,1167651.0
2015-07-29,83.02,84.08,82.74,83.91,1557442.0
2015-07-30,83.48,83.6,81.99,82.74,2769442.0
2015-07-31,88.12,90.88,88.05,89.85,4680145.0
2015-08-03,90.35,91.38,89.25,90.59,2770313.0
2015-08-04,90.22,90.63,88.4,89.15,1976737.0
2015-08-05,89.59,91.26,89.45,89.95,1813361.0
2015-08-06,90.18,90.58,89.4,90.0,3738779.0
2015-08-07,89.96,91.21,89.67,91.19,1747073.0
2015-08-10,91.97,92.68,91.7,92.04,3062939.0
2015-08-11,90.77,91.45,90.39,90.9,2282013.0
2015-08-12,89.96,90.08,88.29,89.71,2550313.0
2015-08-13,89.61,90.64,89.05,90.08,1178249.0
2015-08-14,89.35,90.24,88.92,89.89,1474721.0
2015-08-17,89.46,90.5,89.3,90.48,1388881.0
2015-08-18,90.18,90.45,89.77,90.39,1172380.0
2015-08-19,89.96,90.86,89.42,90.04,1276760.0
2015-08-20,89.3,89.34,87.12,87.29,2506097.0
2015-08-21,86.19,87.08,85.33,85.71,2291128.0
2015-08-24,80.74,87.22,79.73,83.99,4012622.0
2015-08-25,87.0,87.71,84.95,85.06,3020912.0
2015-08-26,87.78,88.99,85.93,88.9,2332171.0
2015-08-27,89.44,89.99,87.68,89.71,2483164.0
2015-08-28,89.05,89.45,87.84,88.86,1970177.0
2015-08-31,88.1,88.94,87.46,88.16,1630733.0
2015-09-01,86.04,87.5,85.3,86.3,2727662.0
2015-09-02,87.47,89.15,87.0,89.15,1768734.0
2015-09-03,89.97,91.1,88.86,89.29,1638470.0
2015-09-04,88.59,89.06,87.8,88.54,1263950.0
2015-09-08,90.05,91.59,89.7,91.54,1796964.0
2015-09-09,92.09,93.49,91.61,91.85,2259295.0
2015-09-10,92.0,93.06,90.96,92.31,1752769.0
2015-09-11,91.66,93.06,91.32,92.86,1899692.0
2015-09-14,92.56,94.1,92.49,93.64,1845155.0
2015-09-15,94.58,96.31,93.53,95.69,2319502.0
2015-09-16,95.41,96.83,94.83,96.71,2321745.0
2015-09-17,96.46,97.595,95.62,96.47,2199582.0
2015-09-18,95.38,96.245,94.55,95.49,2885874.0
2015-09-21,96.3,97.36,95.89,97.2,2086555.0
2015-09-22,95.77,95.95,91.28,92.4,4101529.0
2015-09-23,92.85,94.22,92.49,93.72,1798493.0
2015-09-24,92.44,92.86,90.67,91.56,2543444.0
2015-09-25,92.21,93.25,90.72,91.07,1880663.0
2015-09-28,90.16,90.47,86.32,87.34,2245066.0
2015-09-29,87.16,87.47,85.11,85.85,2884854.0
2015-09-30,87.53,89.18,87.14,89.09,2494438.0
2015-10-01,89.23,90.41,87.99,89.88,2467955.0
2015-10-02,88.55,91.3,87.31,91.25,1655197.0
2015-10-05,91.53,93.53,91.04,93.39,1527706.0
2015-10-06,93.39,93.7,89.93,90.31,2957644.0
2015-10-07,89.58,91.16,88.72,91.09,2320603.0
2015-10-08,90.52,92.04,90.06,91.92,1400179.0
2015-10-09,90.96,92.56,90.62,92.5,1482563.0
2015-10-12,91.97,93.64,91.7,92.9,1337730.0
2015-10-13,92.2,93.61,91.5,91.79,1126461.0
2015-10-14,91.4,91.47,87.08,87.1,2795497.0
2015-10-15,88.08,91.335,87.56,90.96,2621207.0
2015-10-16,91.14,92.2899,91.07,91.82,1473314.0
2015-10-19,91.33,93.99,91.23,93.91,2115879.0
2015-10-20,94.33,95.02,93.02,93.96,1603873.0
2015-10-21,94.28,95.6,93.21,93.37,2350942.0
2015-10-22,93.38,94.785,93.1,94.7,2397527.0
2015-10-23,96.48,98.55,95.13,97.99,3930148.0
2015-10-26,97.99,99.37,97.26,98.73,2098026.0
2015-10-27,98.22,100.39,97.81,99.76,1750007.0
2015-10-28,100.28,100.34,95.55,97.57,2355939.0
2015-10-29,97.55,98.21,96.258,97.96,1178649.0
2015-10-30,97.82,99.2,97.71,98.35,1614411.0
2015-11-02,98.61,99.84,97.5801,98.37,1428527.0
2015-11-03,97.49,97.63,95.5,96.66,1928507.0
2015-11-04,96.69,98.25,96.01,97.95,1812882.0
2015-11-05,97.77,99.59,97.7,99.24,1922849.0
2015-11-06,99.14,99.93,98.72,99.41,1868719.0
2015-11-09,99.3,99.3,96.84,97.77,1308857.0
2015-11-10,97.45,98.88,97.32,98.75,1094680.0
2015-11-11,99.18,99.37,98.1,98.15,713138.0
2015-11-12,97.88,98.6,97.23,97.72,1461663.0
2015-11-13,97.18,97.6,95.03,95.5,1910035.0
2015-11-16,94.74,94.78,92.59,94.36,2799936.0
2015-11-17,95.02,95.79,93.5,93.82,2189794.0
2015-11-18,94.07,94.83,93.36,94.17,2227411.0
2015-11-19,94.72,95.03,93.8,94.35,1699175.0
2015-11-20,94.46,94.97,93.77,94.02,2013002.0
2015-11-23,94.07,95.47,94.0,94.93,1759079.0
2015-11-24,92.75,93.69,91.38,92.02,3312112.0
2015-11-25,92.1,93.92,92.1,92.66,1403357.0
2015-11-27,93.24,93.35,91.86,92.5,688753.0
2015-11-30,92.35,93.04,91.65,92.61,1618860.0
2015-12-01,93.24,94.39,92.25,94.38,2249242.0
2015-12-02,94.51,95.62,94.01,94.75,2001625.0
2015-12-03,94.6,95.65,90.53,91.5,2157621.0
2015-12-04,92.08,94.45,91.99,94.27,1792594.0
2015-12-07,94.65,95.13,93.08,93.65,1590981.0
2015-12-08,92.02,94.05,92.02,93.43,1555425.0
2015-12-09,92.7,94.63,92.12,92.85,1685782.0
2015-12-10,93.11,94.79,92.65,94.23,1391221.0
2015-12-11,92.68,94.43,91.76,91.91,2857907.0
2015-12-14,92.1,93.47,91.04,92.27,1811454.0
2015-12-15,93.26,94.4,92.65,94.29,1694406.0
2015-12-16,94.62,97.28,94.045,97.14,1700974.0
2015-12-17,95.57,96.83,93.8,93.95,2285912.0
2015-12-18,95.21,97.32,94.91,95.9,3228849.0
2015-12-21,96.64,99.9,96.54,99.06,2665088.0
2015-12-22,99.05,100.15,98.13,98.66,2032366.0
2015-12-23,99.0,100.99,98.5,99.93,1228342.0
2015-12-24,99.92,100.81,99.48,99.92,689546.0
2015-12-28,99.66,100.7,99.64,100.32,1134611.0
2015-12-29,100.68,102.97,100.56,102.63,1174033.0
2015-12-30,102.57,103.4,102.06,102.73,1179256.0
2015-12-31,102.41,102.7,101.21,101.21,1018157.0
2016-01-04,99.6,99.81,96.69,98.14,3132404.0
2016-01-05,96.39,97.6799,96.3,96.54,2198193.0
2016-01-06,94.22,96.79,93.31,95.31,2855106.0
2016-01-07,93.18,94.76,92.26,92.43,2674418.0
2016-01-08,93.48,94.54,91.42,91.78,2334194.0
2016-01-11,92.55,94.54,91.9,93.6,2265705.0
2016-01-12,94.5,95.65,92.98,94.02,2019319.0
2016-01-13,94.05,94.555,88.9,89.04,3597588.0
2016-01-14,88.87,88.99,85.5,87.9,4439611.0
2016-01-15,84.86,86.02,82.611,82.92,4165959.0
2016-01-19,84.86,85.4,80.09,81.08,4907109.0
2016-01-20,80.25,83.7655,76.2,82.44,6193261.0
2016-01-21,83.41,86.42,82.83,85.48,3914670.0
2016-01-22,88.25,88.34,85.46,85.76,2735638.0
2016-01-25,85.84,86.33,83.05,83.37,2113250.0
2016-01-26,83.69,84.9,82.21,84.52,1849163.0
2016-01-27,85.23,85.76,80.665,81.42,2333621.0
2016-01-28,80.89,80.99,75.56,78.33,6085457.0
2016-01-29,78.06,82.06,77.79,81.96,5662815.0
2016-02-01,81.61,85.7,81.245,84.52,6209214.0
2016-02-02,78.9,79.19,69.3,71.7,20618079.0
2016-02-03,73.33,75.49,71.34,73.83,9109743.0
2016-02-04,73.03,73.8,68.92,73.58,6734630.0
2016-02-05,72.61,72.84,68.47,69.58,5182285.0
2016-02-08,68.0,68.09,64.21,66.29,7485339.0
2016-02-09,64.99,69.55,64.31,68.02,4405925.0
2016-02-10,68.67,70.955,68.52,69.39,3372687.0
2016-02-11,67.34,69.03,66.97,67.97,3037354.0
2016-02-12,68.95,68.95,67.09,68.77,2456966.0
2016-02-16,69.79,72.51,69.26,72.51,3612518.0
2016-02-17,72.29,73.94,72.1,73.3,2931436.0
2016-02-18,72.25,72.29,69.71,69.87,3080061.0
2016-02-19,69.28,72.28,68.47,70.85,3810406.0
2016-02-22,70.79,73.99,70.17,73.72,4629952.0
2016-02-23,74.38,76.25,73.8,74.01,4879394.0
2016-02-24,73.03,73.03,69.97,72.79,3708702.0
2016-02-25,72.91,74.47,72.62,74.47,1681942.0
2016-02-26,74.72,75.35,73.62,75.19,1931705.0
2016-02-29,74.1,75.87,73.955,74.37,2420045.0
2016-03-01,75.05,76.84,74.26,76.54,2755112.0
2016-03-02,75.86,76.42,73.87,75.18,3057135.0
2016-03-03,74.44,75.7,73.32,75.69,3538134.0
2016-03-04,75.77,75.79,72.31,74.01,4820140.0
2016-03-07,73.05,73.72,71.96,73.63,3433059.0
2016-03-08,72.26,72.57,70.53,70.65,4581309.0
2016-03-09,71.06,71.22,69.27,70.14,3073418.0
2016-03-10,70.46,71.89,69.0,69.99,3205302.0
2016-03-11,70.84,72.88,69.79,72.82,3722833.0
2016-03-14,72.83,73.78,72.37,72.53,2027421.0
2016-03-15,72.24,72.66,71.57,72.6,1999525.0
2016-03-16,72.31,74.67,72.08,74.63,2929835.0
2016-03-17,74.29,75.2,73.47,74.98,2643292.0
2016-03-18,75.34,78.22,75.17,77.62,4087906.0
2016-03-21,77.25,78.3,77.235,78.23,2901611.0
2016-03-22,76.22,76.922,75.03,75.99,3296863.0
2016-03-23,76.14,76.3569,73.26,73.3,2507246.0
2016-03-24,73.24,75.03,72.5266,74.47,2247713.0
2016-03-28,74.96,75.57,74.23,75.43,2003124.0
2016-03-29,75.21,76.21,74.77,76.05,1915133.0
2016-03-30,77.57,80.67,77.53,80.35,4540962.0
2016-03-31,80.7,82.78,80.63,82.15,5020266.0
2016-04-01,81.75,82.2,80.42,81.88,3615082.0
2016-04-04,82.09,83.62,81.71,82.51,2100713.0
2016-04-05,81.47,81.88,80.1,80.34,2027339.0
2016-04-06,80.7,81.74,80.07,81.56,1940794.0
2016-04-07,81.33,81.95,80.0,80.27,2027331.0
2016-04-08,80.98,81.77,80.33,80.6,1363566.0
2016-04-11,81.0,81.65,79.32,79.53,2494767.0
2016-04-12,80.0,81.29,79.52,80.7,1858686.0
2016-04-13,81.37,84.56,81.19,84.42,3030111.0
2016-04-14,84.24,84.43,82.2,82.9,2273277.0
2016-04-15,82.66,83.19,80.78,81.05,2113616.0
2016-04-18,81.36,81.36,78.54,79.38,3555540.0
2016-04-19,79.76,80.17,78.83,79.19,1787427.0
2016-04-20,79.2,79.67,78.2401,79.19,1749853.0
2016-04-21,78.98,78.98,76.5701,76.8,2902717.0
2016-04-22,76.52,76.5699,73.38,73.8,5016938.0
2016-04-25,74.0,75.45,73.82,75.0,2989364.0
2016-04-26,75.16,76.41,74.5,76.24,2309797.0
2016-04-27,76.46,78.18,76.4,77.98,2452603.0
2016-04-28,77.24,78.02,75.9,76.02,4233758.0
2016-04-29,78.4,79.45,73.86,77.4,6731673.0
2016-05-02,78.13,78.97,77.48,78.72,2446914.0
2016-05-03,77.58,78.42,76.98,77.3,2426815.0
2016-05-04,76.8,76.8,75.58,75.9,2703382.0
2016-05-05,76.0,76.53,75.36,75.61,1504659.0
2016-05-06,75.44,75.94,73.52,74.8,2511913.0
2016-05-09,75.2,76.2799,74.72,75.73,1778780.0
2016-05-10,73.9,75.76,72.47,75.38,3531614.0
2016-05-11,75.6,76.65,74.85,75.12,1453389.0
2016-05-12,75.67,77.16,75.45,77.02,2398350.0
2016-05-13,76.95,77.87,75.63,75.64,1817023.0
2016-05-16,75.55,76.94,75.49,76.67,1225460.0
2016-05-17,76.67,77.35,75.73,76.05,1651322.0
2016-05-18,75.93,78.76,75.93,78.2,3050017.0
2016-05-19,77.84,78.04,76.39,76.8,1865214.0
2016-05-20,77.38,78.94,77.25,78.9,1978015.0
2016-05-23,79.13,79.42,78.13,78.26,1384716.0
2016-05-24,78.71,80.3,78.34,79.81,1609697.0
2016-05-25,79.55,79.55,77.32,77.5,2451150.0
2016-05-26,76.72,76.9,74.6,75.46,3190863.0
2016-05-27,75.97,78.48,75.73,77.77,1858032.0
2016-05-31,77.9,78.4,76.79,77.39,2510143.0
2016-06-01,77.12,77.23,76.02,76.96,1389702.0
2016-06-02,76.86,77.68,76.48,77.63,1122796.0
2016-06-03,77.11,77.16,75.26,76.37,1478914.0
2016-06-06,76.06,76.45,75.03,76.19,1797650.0
2016-06-07,76.18,77.12,76.0801,76.49,1041840.0
2016-06-08,76.48,76.48,75.44,76.02,976724.0
2016-06-09,75.72,76.45,75.31,76.24,846849.0
2016-06-10,75.14,75.15,73.83,73.93,1900068.0
2016-06-13,73.19,74.25,72.82,72.88,1642047.0
2016-06-14,72.58,73.07,71.5,71.99,2397002.0
2016-06-15,72.59,74.68,72.43,73.81,2240763.0
2016-06-16,73.09,73.76,71.98,73.62,1163690.0
2016-06-17,73.75,74.65,73.5145,74.64,2114642.0
2016-06-20,76.11,76.89,75.75,76.13,2017099.0
2016-06-21,76.72,76.775,75.96,76.46,1578860.0
2016-06-22,76.39,77.44,75.62,76.12,865134.0
2016-06-23,77.3,77.4,76.69,77.15,1146820.0
2016-06-24,73.2,73.9,69.44,70.08,5880731.0
2016-06-27,68.88,68.88,65.48,65.95,6269392.0
2016-06-28,68.18,68.54,64.95,65.63,3748994.0
2016-06-29,66.4,68.315,65.43,67.83,2574882.0
2016-06-30,68.09,68.09,66.43,67.15,2555249.0
2016-07-01,67.47,69.14,67.47,69.11,2467219.0
2016-07-05,68.06,68.41,66.61,67.31,2288850.0
2016-07-06,66.73,67.14,65.94,66.4,2472318.0
2016-07-07,66.5,67.34,65.705,66.79,1852741.0
2016-07-08,67.44,68.966,67.44,68.38,1683604.0
2016-07-11,68.72,69.63,68.54,69.56,1279122.0
2016-07-12,70.49,73.02,70.3,72.99,3366221.0
2016-07-13,73.12,73.53,71.99,72.58,1756737.0
2016-07-14,73.69,74.36,71.84,71.88,2920229.0
2016-07-15,70.82,70.87,69.2,70.39,2886494.0
2016-07-18,70.5,71.42,69.88,71.04,1550737.0
2016-07-19,70.66,70.942,69.92,70.1,1283201.0
2016-07-20,71.1,72.15,70.31,71.92,1584272.0
2016-07-21,72.44,72.7,72.1,72.36,1694885.0
2016-07-22,72.71,73.02,71.74,72.98,1897740.0
2016-07-25,72.83,73.52,72.65,73.04,1314928.0
2016-07-26,73.39,73.53,72.81,73.04,1124138.0
2016-07-27,73.36,73.63,72.61,73.26,1339909.0
2016-07-28,72.94,73.28,71.93,73.24,2085285.0
2016-07-29,73.27,73.5,72.31,72.44,2596347.0
2016-08-01,72.33,72.48,71.405,71.86,3765104.0
2016-08-02,69.0,70.39,66.85,67.35,7579305.0
2016-08-03,67.08,69.67,67.05,68.77,3191661.0
2016-08-04,69.42,74.43,69.42,73.3,6554956.0
2016-08-05,73.65,74.73,73.36,74.48,2738066.0
2016-08-08,74.5,75.3,73.73,73.98,1484913.0
2016-08-09,72.58,73.27,68.89,68.98,7646562.0
2016-08-10,69.24,70.59,68.95,69.86,2805700.0
2016-08-11,70.2,71.58,70.11,71.04,2290472.0
2016-08-12,71.0,71.78,70.5,70.8,1328785.0
2016-08-15,70.88,71.68,70.86,71.5,1436133.0
2016-08-16,71.3,72.15,71.02,71.58,1897523.0
2016-08-17,71.53,71.59,70.9678,71.52,1065733.0
2016-08-18,71.25,71.45,70.0,70.12,2261484.0
2016-08-19,69.71,70.07,68.11,69.43,2992182.0
2016-08-22,69.39,70.07,68.73,69.84,1588838.0
2016-08-23,70.31,71.83,70.21,71.67,2170199.0
2016-08-24,71.55,71.9,70.82,71.04,3111736.0
2016-08-25,70.52,71.11,69.98,70.0,2591234.0
2016-08-26,70.25,70.46,69.2,69.75,1795603.0
2016-08-29,69.79,70.1121,69.42,69.98,1682101.0
2016-08-30,70.11,70.46,69.84,70.13,915213.0
2016-08-31,70.06,71.5,70.06,71.11,2761625.0
2016-09-01,71.76,73.15,71.56,72.71,2489259.0
2016-09-02,71.9,71.9,69.99,70.01,2489627.0
2016-09-06,69.87,70.0,68.95,69.08,1642041.0
2016-09-07,68.41,68.68,66.86,66.9,3425232.0
2016-09-08,66.87,67.07,65.78,66.04,3133617.0
2016-09-09,66.1,66.51,65.37,65.98,3329437.0
2016-09-12,65.56,67.74,65.1,67.52,2055633.0
2016-09-13,67.32,67.84,66.69,67.6,1681197.0
2016-09-14,67.86,68.33,66.97,67.68,1407548.0
2016-09-15,67.66,67.94,67.15,67.34,1820881.0
2016-09-16,66.97,67.21,66.03,66.32,2004793.0
2016-09-19,66.88,66.88,65.45,65.48,2293809.0
2016-09-20,66.12,68.75,66.01,68.41,3361849.0
2016-09-21,68.65,68.82,67.06,67.86,1646773.0
2016-09-22,68.25,71.1,68.22,70.99,4071113.0
2016-09-23,70.52,72.31,68.73,71.99,2768625.0
2016-09-26,72.43,73.38,70.74,71.45,3086665.0
2016-09-27,71.67,74.43,71.57,74.35,3419962.0
2016-09-28,74.67,74.84,73.64,74.21,2038731.0
2016-09-29,73.92,74.56,73.7,74.25,2041736.0
2016-09-30,74.51,75.725,73.96,74.95,1932554.0
2016-10-03,74.49,75.36,74.03,74.57,1314151.0
2016-10-04,75.23,75.37,74.49,75.22,1804009.0
2016-10-05,75.0,75.5,74.29,74.85,2227503.0
2016-10-06,74.84,75.09,74.15,74.84,1508185.0
2016-10-07,74.74,75.16,73.69,73.69,1772253.0
2016-10-10,74.03,74.5,73.6,73.71,883181.0
2016-10-11,73.71,73.72,71.9,72.33,1932840.0
2016-10-12,72.38,72.89,71.72,72.38,1172900.0
2016-10-13,71.5,72.33,71.23,72.07,1637158.0
2016-10-14,71.8,72.54,69.9608,69.98,2350910.0
2016-10-17,69.85,70.0,68.67,68.79,2231017.0
2016-10-18,69.99,70.95,69.56,70.05,1534559.0
2016-10-19,69.75,71.14,69.53,70.82,1562853.0
2016-10-20,70.81,70.81,69.51,70.48,1200659.0
2016-10-21,69.94,70.39,69.32,69.37,1714015.0
2016-10-24,69.88,70.94,69.81,70.35,1505387.0
2016-10-25,70.03,70.8,69.84,70.63,1113944.0
2016-10-26,70.39,70.44,69.69,69.9,2266890.0
2016-10-27,69.25,69.4,67.53,68.05,3120820.0
2016-10-28,72.13,75.46,71.5,74.47,7745024.0
2016-10-31,75.0,77.5,74.85,76.87,5247412.0
2016-11-01,77.11,77.78,74.62,76.22,3859222.0
2016-11-02,75.78,76.85,74.9,75.03,1779944.0
2016-11-03,75.41,76.69,75.41,76.09,2098298.0
2016-11-04,76.09,76.89,75.15,75.23,1347728.0
2016-11-07,76.16,76.77,75.56,76.48,2226725.0
2016-11-08,76.17,77.8,75.98,77.56,1929505.0
2016-11-09,76.22,79.47,75.8,79.01,3945848.0
2016-11-10,79.22,81.63,79.22,80.35,2845695.0
2016-11-11,80.44,82.134,80.36,81.75,2648471.0
2016-11-14,82.49,84.5,82.32,84.06,3853709.0
2016-11-15,84.0,84.15,82.7,82.97,1884113.0
2016-11-16,82.73,82.95,81.75,82.41,1423621.0
2016-11-17,82.2,83.42,82.08,82.87,1390788.0
2016-11-18,82.9,83.36,82.08,82.95,1193219.0
2016-11-21,83.1,83.59,82.32,82.67,1027418.0
2016-11-22,82.64,83.23,82.23,82.5,1797085.0
2016-11-23,82.73,82.87,82.08,82.59,1392910.0
2016-11-25,82.55,83.35,82.01,83.02,628154.0
2016-11-28,82.86,82.87,81.32,81.5,1478972.0
2016-11-29,81.94,82.98,81.7508,82.92,1262248.0
2016-11-30,82.59,82.59,80.1,80.97,2107679.0
2016-12-01,80.56,80.78,78.77,79.3,1807405.0
2016-12-02,79.3,79.97,79.1,79.56,900018.0
2016-12-05,80.3,82.5,79.86,81.05,1585615.0
2016-12-06,81.22,81.79,80.87,81.15,1385072.0
2016-12-07,81.25,83.4,80.6,83.15,2043190.0
2016-12-08,83.36,85.82,82.51,85.78,2448590.0
2016-12-09,85.64,86.38,85.3579,86.19,1511100.0
2016-12-12,85.67,85.719,84.66,85.56,2340379.0
2016-12-13,85.85,86.32,85.14,85.5,1670976.0
2016-12-14,85.5,86.7,85.43,85.72,1823963.0
2016-12-15,84.72,86.835,84.33,85.54,3598507.0
2016-12-16,85.43,85.76,83.72,84.03,2344235.0
2016-12-19,83.19,83.8,81.95,82.55,1432637.0
2016-12-20,83.16,86.24,82.865,85.4,2191116.0
2016-12-21,84.97,85.35,84.43,85.21,1140514.0
2016-12-22,84.96,84.96,83.34,84.24,1624173.0
2016-12-23,84.23,84.35,83.19,84.25,648460.0
2016-12-27,84.4,85.14,83.76,83.8,536809.0
2016-12-28,83.98,84.09,82.86,83.02,871583.0
2016-12-29,83.17,83.35,82.4,82.96,869672.0
2016-12-30,83.24,83.5,81.59,82.04,1074313.0
2017-01-03,82.72,84.57,82.72,83.87,1739482.0
2017-01-04,83.92,85.2,83.52,84.5,1691293.0
2017-01-05,84.6,85.5,84.46,85.0,1409480.0
2017-01-06,85.28,85.38,84.235,84.33,1451059.0
2017-01-09,84.36,85.11,84.05,84.55,1333520.0
2017-01-10,84.77,86.78,84.36,85.93,1531155.0
2017-01-11,85.9,86.67,85.02,86.62,1121795.0
2017-01-12,86.43,86.47,84.78,85.89,1370464.0
2017-01-13,85.63,86.03,84.89,85.09,1108394.0
2017-01-17,84.88,85.11,84.03,84.99,1015839.0
2017-01-18,84.9,86.35,84.05,85.51,1401501.0
2017-01-19,84.72,85.94,84.26,84.56,1759170.0
2017-01-20,84.83,86.54,84.5,85.04,2201689.0
2017-01-23,84.97,85.18,84.52,84.96,2373939.0
2017-01-24,85.22,86.36,85.16,86.03,3030881.0
2017-01-25,86.75,88.23,86.48,87.67,3403365.0
2017-01-26,93.05,96.09,92.28,95.64,7610270.0
2017-01-27,95.52,95.6,93.79,94.56,3285680.0
2017-01-30,95.23,95.74,93.62,94.4,2137329.0
2017-01-31,94.42,94.46,92.65,93.63,1884717.0
2017-02-01,93.94,95.02,93.63,94.33,2154880.0
2017-02-02,94.21,94.82,93.61,94.03,1336668.0
2017-02-03,94.01,95.28,93.96,94.52,1578223.0
2017-02-06,94.18,95.14,94.08,94.81,1226020.0
2017-02-07,95.21,95.5,94.57,95.03,1131355.0
2017-02-08,94.99,95.37,94.58,94.97,1495891.0
2017-02-09,95.13,95.47,94.7711,95.37,1348190.0
2017-02-10,95.43,96.22,94.94,95.84,1341050.0
2017-02-13,96.49,97.03,96.1,96.5,1177461.0
2017-02-14,96.44,97.07,96.22,96.52,906714.0
2017-02-15,96.14,97.42,95.68,96.75,1357007.0
2017-02-16,96.68,96.85,95.42,95.93,1303085.0
2017-02-17,95.7,95.82,94.43,95.21,1495032.0
2017-02-21,95.22,96.05,94.93,95.49,1632842.0
2017-02-22,95.46,96.21,95.0,95.95,2058303.0
2017-02-23,96.55,97.39,95.42,95.53,1487550.0
2017-02-24,95.63,96.15,94.65,96.15,1215616.0
2017-02-27,95.96,96.89,95.57,96.69,1403533.0
2017-02-28,96.65,97.15,96.08,96.1,1284831.0
2017-03-01,96.87,97.67,96.53,97.31,1247753.0
2017-03-02,97.48,97.48,96.77,97.18,828629.0
2017-03-03,96.42,97.07,94.661,95.48,1827643.0
2017-03-06,94.62,94.98,93.4,94.81,1564154.0
2017-03-07,94.67,94.91,94.07,94.54,1361245.0
2017-03-08,95.05,96.09,94.86,95.37,1513277.0
2017-03-09,95.91,96.13,94.89,95.5,847233.0
2017-03-10,95.75,97.72,95.75,97.25,1672998.0
2017-03-13,97.51,97.65,96.4,96.89,1165276.0
2017-03-14,96.78,96.82,95.44,95.94,1040440.0
2017-03-15,96.18,97.0,95.86,96.75,781795.0
2017-03-16,96.9,97.24,96.45,96.99,841069.0
2017-03-17,97.01,98.46,96.88,97.8,1697638.0
2017-03-20,97.9,98.015,97.06,97.91,798027.0
2017-03-21,98.56,99.0,96.63,97.05,1075473.0
2017-03-22,96.72,99.07,95.56,98.75,1452014.0
2017-03-23,99.05,100.48,99.05,99.35,1636412.0
2017-03-24,99.42,99.785,98.18,98.57,913873.0
2017-03-27,98.11,99.57,97.33,99.28,1093571.0
2017-03-28,99.88,101.11,99.76,100.32,1372919.0
2017-03-29,100.0,100.435,98.6275,98.92,1123204.0
2017-03-30,98.92,99.744,98.92,99.65,1090753.0
2017-03-31,99.66,99.88,98.05,98.11,1499347.0
2017-04-03,98.32,98.46,96.781,97.7,995929.0
2017-04-04,97.9,98.57,97.41,98.11,942419.0
2017-04-05,98.41,99.54,97.66,98.16,1063835.0
2017-04-06,97.86,99.22,97.12,98.78,927071.0
2017-04-07,98.69,98.76,96.53,97.39,1917788.0
2017-04-10,97.38,98.71,97.12,97.95,1496486.0
2017-04-11,97.29,97.88,94.85,95.3,2507790.0
2017-04-12,95.35,95.87,93.95,94.72,1422517.0
2017-04-13,94.57,95.35,93.86,94.36,1677913.0
2017-04-17,94.91,96.15,94.35,95.94,1082459.0
2017-04-18,95.71,95.92,94.58,95.55,919843.0
2017-04-19,96.17,97.045,95.6,95.91,984152.0
2017-04-20,96.32,97.98,96.32,97.21,1744958.0
2017-04-21,96.97,97.83,96.9,97.33,1025017.0
2017-04-24,98.85,99.49,96.905,97.44,1783056.0
2017-04-25,98.15,99.44,97.84,99.15,1401143.0
2017-04-26,99.27,100.92,99.14,100.47,1301373.0
2017-04-27,100.84,102.6799,100.311,100.5,3001003.0
2017-04-28,106.32,110.6,105.42,106.6,67383.0
2017-05-01,106.8,110.32,106.08,108.41,3542599.0
2017-05-02,108.73,108.95,106.46,108.07,2128774.0
2017-05-03,107.98,108.25,107.125,108.1,1275569.0
2017-05-04,108.44,108.91,107.47,107.92,2270135.0
2017-05-05,108.36,108.92,107.86,108.62,870065.0
2017-05-08,108.35,108.9999,107.69,107.97,851722.0
2017-05-09,108.22,109.16,108.15,108.82,865442.0
2017-05-10,108.88,108.88,107.55,108.34,1191824.0
2017-05-11,108.0,108.33,106.68,108.26,974429.0
2017-05-12,108.13,108.56,107.26,107.57,1068408.0
2017-05-15,107.31,108.16,106.97,108.12,967424.0
2017-05-16,108.39,108.39,107.1,107.34,784699.0
2017-05-17,106.76,106.96,103.52,103.65,1644241.0
2017-05-18,104.01,105.97,103.74,104.98,1049863.0
2017-05-19,105.76,106.87,105.05,106.15,1139257.0
2017-05-22,106.19,107.345,105.61,107.21,931941.0
2017-05-23,107.09,108.04,106.48,107.14,995466.0
2017-05-24,107.46,108.37,106.92,108.18,856585.0
2017-05-25,109.13,111.0,108.58,110.26,1634312.0
2017-05-26,110.01,111.45,110.0,111.08,1078202.0
2017-05-30,110.97,111.135,110.065,110.43,1172273.0
2017-05-31,110.45,111.05,109.75,110.18,1620270.0
2017-06-01,110.61,112.95,110.29,112.75,1388224.0
2017-06-02,113.25,114.5,113.22,113.38,1066353.0
2017-06-05,113.11,113.254,112.05,112.06,905892.0
2017-06-06,111.77,112.31,110.83,110.85,1491261.0
2017-06-07,111.47,112.62,110.39,112.15,1268947.0
2017-06-08,112.12,113.7,111.78,112.82,1033306.0
2017-06-09,112.88,113.53,108.86,109.82,1547294.0
2017-06-12,109.67,110.0,106.66,109.9,2039679.0
2017-06-13,111.19,112.61,110.64,110.83,1533152.0
2017-06-14,112.0,112.82,110.73,111.64,1336721.0
2017-06-15,110.49,112.13,109.56,112.07,1427627.0
2017-06-16,111.59,112.35,110.73,111.9,1416624.0
2017-06-19,112.49,113.45,112.305,113.3,1019144.0
2017-06-20,113.38,113.678,111.58,111.67,749180.0
2017-06-21,112.0,114.34,112.0,113.91,1603804.0
2017-06-22,113.82,115.63,112.09,112.15,1716958.0
2017-06-23,112.17,112.36,110.84,111.86,1587871.0
2017-06-26,111.92,112.76,111.21,111.33,939006.0
2017-06-27,111.33,111.52,108.81,108.89,1275533.0
2017-06-28,109.77,110.95,109.77,110.75,1221798.0
2017-06-29,110.65,110.82,107.87,109.27,1031971.0
2017-06-30,109.43,109.84,108.42,109.23,1128458.0
2017-07-03,109.71,111.22,108.82,108.84,723797.0
2017-07-05,109.02,111.1,109.0,110.64,1135430.0
2017-07-06,109.77,109.77,108.13,108.57,991093.0
2017-07-07,108.98,110.0,108.58,109.2,908775.0
2017-07-10,109.3,109.68,108.89,109.19,730414.0
2017-07-11,109.14,109.39,107.785,109.26,953595.0
2017-07-12,109.73,110.38,109.6,110.02,983539.0
2017-07-13,110.09,110.3063,108.85,109.55,787280.0
2017-07-14,109.3,109.87,108.49,108.89,874478.0
2017-07-17,108.9,111.97,108.65,111.49,1496467.0
2017-07-18,111.27,112.29,110.8,111.85,872073.0
2017-07-19,112.04,112.6,111.61,112.56,1164058.0
2017-07-20,113.73,116.36,113.73,115.26,1856482.0
2017-07-21,115.0,116.2,114.765,114.91,1460953.0
2017-07-24,114.65,116.28,114.53,115.74,1363116.0
2017-07-25,116.5,116.889,114.63,114.92,1135850.0
2017-07-26,115.28,115.44,114.25,114.45,811073.0
2017-07-27,115.06,115.14,112.32,113.29,1132282.0
2017-07-28,112.61,113.739,112.19,113.39,895048.0
2017-07-31,114.19,114.99,112.87,113.07,1709385.0
2017-08-01,119.95,120.96,119.36,119.69,3273013.0
2017-08-02,117.64,117.68,114.66,117.39,2631534.0
2017-08-03,117.5,120.47,117.0,119.92,2279009.0
2017-08-04,119.95,120.96,119.36,119.69,1529108.0
2017-08-07,120.0,120.0,117.63,117.76,2100566.0
2017-08-08,117.83,121.47,117.8,119.8,2409098.0
2017-08-09,118.8,120.51,118.06,120.49,1959777.0
2017-08-10,119.39,119.85,116.38,117.31,2000098.0
2017-08-11,116.41,117.74,115.4501,117.22,1787406.0
2017-08-14,118.42,119.92,118.0,119.61,1783082.0
2017-08-15,120.69,122.96,120.4,121.72,1932567.0
2017-08-16,122.22,122.595,121.11,121.23,1511580.0
2017-08-17,121.0,121.145,119.12,119.22,2011302.0
2017-08-18,119.21,120.0,118.37,118.81,1706358.0
2017-08-21,119.18,120.23,118.91,119.99,1485275.0
2017-08-22,120.0,121.36,119.88,121.01,1457536.0
2017-08-23,120.45,121.47,120.45,120.62,1056426.0
2017-08-24,121.18,121.34,119.97,120.54,1404903.0
2017-08-25,120.98,121.01,119.95,120.44,952664.0
2017-08-28,120.68,121.7,120.42,120.76,1534392.0
2017-08-29,119.39,120.47,118.65,120.33,1468418.0
2017-08-30,120.24,121.73,119.66,121.63,1254163.0
2017-08-31,122.35,124.51,122.0,124.46,1782071.0
2017-09-01,124.91,125.0,123.82,124.24,1202439.0
2017-09-05,123.92,123.92,117.78,119.04,2768671.0
2017-09-06,118.46,119.56,117.26,118.82,2002656.0
2017-09-07,119.0,119.88,117.34,117.54,1531135.0
2017-09-08,117.0,118.7,115.6,117.45,2059721.0
2017-09-11,120.05,123.33,120.01,121.69,2046157.0
2017-09-12,121.8,122.235,120.48,121.66,1418186.0
2017-09-13,121.24,122.34,120.6,122.19,1200122.0
2017-09-14,121.66,124.76,121.13,123.55,2030760.0
2017-09-15,121.55,122.23,119.81,120.92,2621073.0
2017-09-18,120.95,121.085,118.74,118.8,1514451.0
2017-09-19,118.86,119.02,117.49,118.52,1437302.0
2017-09-20,118.52,118.57,114.6,115.54,2806229.0
2017-09-21,115.5,116.75,114.07,116.19,2290642.0
2017-09-22,115.92,116.34,114.81,115.29,1488941.0
2017-09-25,114.57,115.1,113.2,113.88,2094614.0
2017-09-26,116.05,119.49,115.32,117.19,2414271.0
2017-09-27,117.34,118.53,115.54,115.74,1784599.0
2017-09-28,115.15,118.54,115.09,118.21,2088491.0
2017-09-29,118.09,119.35,116.73,118.54,1741985.0
2017-10-02,118.38,119.22,117.55,119.12,1617513.0
2017-10-03,119.2,119.64,117.82,119.0,1151336.0
2017-10-04,119.09,122.3,119.0,121.67,1694065.0
2017-10-05,121.86,124.23,121.86,123.66,1770717.0
2017-10-06,123.82,125.0,122.78,123.39,1076077.0
2017-10-09,123.36,124.64,122.98,124.53,1111337.0
2017-10-10,124.88,126.07,124.59,124.8,1445545.0
2017-10-11,125.43,125.86,124.5,125.01,1572538.0
2017-10-12,124.78,125.68,124.51,125.0,1709431.0
2017-10-13,125.35,128.09,125.27,127.77,1817860.0
2017-10-16,127.58,127.92,126.5,127.39,1231028.0
2017-10-17,127.4,127.66,127.0,127.22,1008563.0
2017-10-18,127.48,127.58,124.85,124.88,1855099.0
2017-10-19,124.5,124.65,121.06,121.12,2822697.0
2017-10-20,122.01,122.7,120.14,120.71,1898126.0
2017-10-23,121.0,122.88,120.75,121.74,1503089.0
2017-10-24,122.0,122.645,121.3701,122.4,1337094.0
2017-10-25,121.75,122.86,120.71,121.255,1161541.0
2017-10-26,122.08,123.28,121.84,123.06,1026263.0
2017-10-27,122.92,125.82,121.7,124.21,2179489.0
2017-10-30,123.67,123.95,121.33,121.99,1986617.0
2017-10-31,122.37,125.26,122.185,123.77,1444657.0
2017-11-01,124.25,124.745,120.28,120.86,2091729.0
2017-11-02,121.02,124.59,120.93,123.09,2194026.0
2017-11-03,123.45,123.8,122.77,123.18,839760.0
2017-11-06,123.64,127.24,123.64,125.34,2424792.0
2017-11-07,132.19,133.75,126.86,129.23,3556322.0
2017-11-08,129.49,130.18,128.36,128.92,1779046.0
2017-11-09,128.38,129.08,126.12,126.67,1995213.0
2017-11-10,125.17,125.39,120.76,124.22,2426725.0
2017-11-13,122.89,124.75,122.86,124.48,1331552.0
2017-11-14,122.78,123.665,121.39,123.51,1768881.0
2017-11-15,122.92,123.8,121.67,122.52,963898.0
2017-11-16,122.98,123.74,121.635,122.79,1355568.0
2017-11-17,122.19,124.53,122.19,124.4,1442652.0
2017-11-20,124.4,124.84,122.7801,123.95,1009269.0
2017-11-21,124.53,125.53,123.18,124.79,1086532.0
2017-11-22,125.29,125.64,124.32,125.45,814915.0
2017-11-24,125.9,125.9,124.66,125.21,488595.0
2017-11-27,125.45,126.1892,124.87,125.25,859311.0
2017-11-28,125.42,127.15,124.71,125.8,1055770.0
2017-11-29,126.34,126.51,124.04,124.7,1062538.0
2017-11-30,123.65,125.14,120.065,123.88,2426878.0
2017-12-01,123.85,125.92,122.52,125.23,1847592.0
2017-12-04,127.0,127.815,125.08,125.08,1565019.0
2017-12-05,125.28,125.88,122.72,122.82,1265364.0
2017-12-06,123.0,123.56,121.61,123.02,1368099.0
2017-12-07,123.5,124.8,122.47,124.05,1298779.0
2017-12-08,124.44,126.59,124.09,125.23,1272418.0
2017-12-11,125.38,126.05,124.46,125.45,900779.0
2017-12-12,125.27,125.58,123.46,123.83,1115796.0
2017-12-13,123.74,123.84,121.57,121.69,1100118.0
2017-12-14,121.75,122.79,121.11,121.66,1355602.0
2017-12-15,122.64,125.65,122.37,125.09,1752334.0
2017-12-18,126.09,129.67,125.18,126.58,2008161.0
2017-12-19,127.19,128.62,126.39,126.55,1269986.0
2017-12-20,126.36,127.12,123.35,123.48,1339134.0
2017-12-21,124.36,124.44,121.341,121.75,1340706.0
2017-12-22,121.44,122.19,120.406,121.06,1072309.0
2017-12-26,120.8,120.93,119.85,120.18,638289.0
2017-12-27,120.03,121.53,120.03,121.21,571446.0
2017-12-28,121.35,121.6,120.31,120.88,598672.0
2017-12-29,121.13,121.47,119.21,119.28,915569.0
2018-01-02,120.17,120.52,119.58,120.38,1317436.0
2018-01-03,121.23,124.45,121.04,123.58,2217900.0
2018-01-04,124.0,124.29,121.86,122.46,1118055.0
2018-01-05,122.72,122.86,120.625,121.23,1181859.0
2018-01-08,120.99,121.72,120.12,121.09,1023816.0
2018-01-09,121.79,124.12,121.4,123.15,1191822.0
2018-01-10,123.0,124.38,122.915,123.06,1015035.0
2018-01-11,125.0,125.99,123.73,125.41,1295716.0
2018-01-12,125.5,127.65,125.23,127.53,1523770.0
2018-01-16,128.38,129.25,125.79,126.75,1334410.0
2018-01-17,127.56,130.61,126.98,130.21,1754418.0
2018-01-18,130.0,130.5,128.93,129.32,1272742.0
2018-01-19,130.31,130.41,128.8,128.97,1445509.0
2018-01-22,128.88,128.89,126.54,128.7,1612709.0
2018-01-23,128.83,129.14,126.67,127.22,2082368.0
2018-01-24,127.92,134.755,127.49,132.51,4603371.0
2018-01-25,132.52,132.68,130.05,131.93,2029761.0
2018-01-26,132.6,135.19,132.12,134.98,1520959.0
2018-01-29,134.55,135.65,133.75,134.77,1215771.0
2018-01-30,134.22,135.1,132.82,133.28,1266988.0
2018-01-31,133.27,134.81,133.18,133.55,1448147.0
2018-02-01,133.35,134.19,132.86,133.31,1296816.0
2018-02-02,132.68,133.28,129.21,129.66,1351096.0
2018-02-05,128.89,129.94,124.55,125.37,1766064.0
2018-02-06,122.77,128.03,122.55,127.66,1731537.0
2018-02-07,127.69,130.09,127.16,128.52,1758081.0
2018-02-08,128.62,128.68,122.42,122.45,1219564.0
2018-02-09,124.09,125.61,119.76,124.47,2331929.0
2018-02-12,126.51,130.5,125.97,129.27,2065867.0
2018-02-13,128.6,130.15,127.75,129.03,1719022.0
2018-02-14,128.07,131.34,128.01,130.53,1538296.0
2018-02-15,131.38,131.99,129.9,131.71,985881.0
2018-02-16,131.1,132.7,130.27,131.68,1194836.0
2018-02-20,131.0,132.92,130.6,131.56,1153986.0
2018-02-21,132.04,133.09,130.47,130.55,1459924.0
2018-02-22,131.41,133.02,129.59,129.6,1641087.0
2018-02-23,130.32,130.78,129.7,130.2,1038340.0
2018-02-26,130.96,131.27,129.94,130.4,809397.0
2018-02-27,130.4,130.62,128.83,128.86,1264910.0
2018-02-28,129.45,130.13,126.55,126.6,1830363.0
2018-03-01,126.34,127.45,123.15,123.97,1681413.0
2018-03-02,123.0,123.1399,120.96,122.63,1898476.0
2018-03-05,121.62,122.47,120.44,121.36,1886775.0
2018-03-06,121.6,124.19,121.2,123.8,2536785.0
2018-03-07,122.78,123.83,122.24,123.53,1503912.0
2018-03-08,124.35,125.2,124.06,124.78,1605705.0
2018-03-09,125.69,126.67,124.43,126.62,2200679.0
2018-03-12,127.24,127.24,124.77,125.26,1160676.0
2018-03-13,126.13,127.02,125.3901,125.95,1106546.0
2018-03-14,126.38,126.65,124.66,125.63,1254722.0
2018-03-15,125.88,126.15,124.64,124.65,834921.0
2018-03-16,124.53,125.11,124.26,124.75,1216803.0
2018-03-19,124.84,125.59,123.48,124.42,957210.0
2018-03-20,125.29,126.96,124.39,124.86,1424517.0
2018-03-21,124.83,125.13,123.08,123.37,1069621.0
2018-03-22,124.11,124.92,120.05,120.18,1685277.0
2018-03-23,120.49,120.96,116.98,117.04,1579552.0
2018-03-26,118.54,119.97,117.31,119.92,1033599.0
2018-03-27,120.0,121.24,117.69,118.3,966063.0
2018-03-28,118.38,118.93,115.941,116.53,1199286.0
2018-03-29,117.23,118.72,116.55,117.74,1071881.0
2018-04-02,118.0,118.66,114.74,116.26,1228412.0
2018-04-03,116.57,116.97,114.62,115.65,875730.0
2018-04-04,114.22,117.1,113.92,116.85,1057751.0
2018-04-05,117.52,118.79,116.86,117.82,1918005.0
2018-04-06,117.14,117.73,114.02,114.83,1106274.0
2018-04-09,115.89,117.37,115.06,115.13,1143321.0
2018-04-10,116.17,116.8,110.88,112.92,2626497.0
2018-04-11,112.77,115.01,112.7113,113.16,1560576.0
2018-04-12,113.63,115.09,113.51,114.73,1125445.0
2018-04-13,115.38,115.73,113.2501,113.74,1136778.0
2018-04-16,114.76,116.09,114.43,115.71,1221607.0
2018-04-17,116.31,117.305,116.25,116.96,1521710.0
2018-04-18,117.7,118.955,117.22,118.3,1268382.0
2018-04-19,117.83,119.08,117.815,117.98,1561803.0
2018-04-20,118.45,119.98,118.13,119.09,2333597.0
2018-04-23,119.55,120.73,118.85,119.71,1596425.0
2018-04-24,120.52,120.58,116.64,117.27,1343546.0
2018-04-25,117.13,118.8,115.78,118.49,1593689.0
2018-04-26,119.9,120.22,112.71,112.93,3166491.0
2018-04-27,113.21,115.45,111.04,111.82,3348664.0
2018-04-30,112.24,112.64,107.96,108.19,4778260.0
2018-05-01,108.36,109.56,107.05,109.56,3112904.0
2018-05-02,109.6,109.84,106.99,107.19,2076480.0
2018-05-03,107.05,107.24,105.11,106.34,1578060.0
2018-05-04,105.94,108.2,105.31,107.36,1514258.0
2018-05-07,107.45,107.45,104.7003,105.06,2114075.0
2018-05-08,105.0,106.615,103.76,104.07,2493813.0
2018-05-09,104.4,105.33,103.87,105.17,2025768.0
2018-05-10,106.23,107.95,106.0,107.27,2159336.0
2018-05-11,107.3,107.52,106.07,107.06,3280821.0
2018-05-14,107.0,107.52,106.06,107.13,1272998.0
2018-05-15,106.75,107.45,106.15,106.62,2050900.0
2018-05-16,106.59,108.71,106.48,107.99,1953187.0
2018-05-17,107.87,108.58,107.04,107.35,1742276.0
2018-05-18,107.19,107.39,105.9,106.96,1784083.0
2018-05-21,107.97,108.14,107.0,107.22,1004471.0
2018-05-22,107.2,107.77,106.64,107.51,975827.0
2018-05-23,107.0,107.84,105.02,106.33,2117000.0
2018-05-24,106.5,107.24,105.75,106.7,1466904.0
2018-05-25,106.78,110.42,106.51,109.8,2520823.0
2018-05-29,108.8,109.78,105.02,105.78,2659428.0
2018-05-30,106.88,106.9,105.05,106.05,1328603.0
2018-05-31,105.97,106.16,104.6,104.98,1619169.0
2018-06-01,104.92,106.64,104.6,106.33,1519955.0
2018-06-04,106.34,107.03,105.64,106.51,1524775.0
2018-06-05,103.4,104.665,101.2,102.15,3661830.0
2018-06-06,101.93,104.89,101.42,104.38,2641256.0
2018-06-07,104.49,105.76,103.9408,104.4,1153834.0
2018-06-08,104.01,104.2,102.55,103.48,1504782.0
2018-06-11,103.6,104.5,103.55,103.68,1235026.0
2018-06-12,104.06,108.27,103.91,105.7,3381590.0
2018-06-13,106.51,109.48,106.081,107.98,2570273.0
2018-06-14,111.92,115.55,110.81,113.5,5100797.0
2018-06-15,113.18,114.89,112.45,114.51,3380687.0
2018-06-18,113.13,114.865,111.701,114.62,2005079.0
2018-06-19,113.47,114.13,111.58,112.3,2359802.0
2018-06-20,113.19,114.4,111.46,111.55,2118111.0
2018-06-21,111.21,111.955,110.0,110.22,2657175.0
2018-06-22,110.5,111.67,109.55,111.55,2503906.0
2018-06-25,109.12,109.35,104.57,105.39,3431736.0
2018-06-26,105.29,106.8,105.04,106.3,1514848.0
2018-06-27,107.35,107.51,104.67,104.77,2171202.0
2018-06-28,105.08,105.14,102.92,104.29,1877166.0
2018-06-29,104.51,105.16,103.5,103.6,2436046.0
2018-07-02,103.05,104.21,102.64,103.96,2806347.0
2018-07-03,104.44,105.255,103.18,103.44,1326839.0
2018-07-05,104.01,104.5829,103.4,103.88,1397811.0
2018-07-06,103.98,104.98,103.4648,104.74,1633370.0
2018-07-09,106.13,108.18,105.63,108.15,2270186.0
2018-07-10,108.03,109.445,107.53,109.13,1441152.0
2018-07-11,107.69,109.45,107.6,109.24,1525408.0
2018-07-12,109.69,110.54,108.66,108.94,1694737.0
2018-07-13,109.21,110.3,107.2,107.87,1548529.0
2018-07-16,108.47,109.18,107.52,109.08,1309283.0
2018-07-17,108.73,110.42,108.36,109.35,1171558.0
2018-07-18,112.75,114.37,111.04,112.82,2557087.0
2018-07-19,112.51,113.0,111.29,111.48,1283330.0
2018-07-20,111.04,111.54,110.11,110.56,1005621.0
2018-07-23,110.68,111.19,109.605,109.75,1088930.0
2018-07-24,110.01,110.25,108.57,109.18,1205064.0
2018-07-25,109.62,110.9,108.39,110.77,1132584.0
2018-07-26,110.35,112.33,110.335,111.56,1268027.0
2018-07-27,112.25,112.67,111.24,111.77,1283691.0
2018-07-30,111.83,111.94,110.12,111.03,1203526.0
2018-07-31,111.61,113.04,110.52,112.76,1663497.0
2018-08-01,113.09,113.25,109.98,109.99,1864390.0
2018-08-02,109.41,116.6225,104.24,114.35,5626517.0
2018-08-03,114.8,116.41,112.39,112.42,2241204.0
2018-08-06,111.91,112.22,110.41,111.69,2501859.0
2018-08-07,111.88,112.72,111.54,112.2,1387215.0
2018-08-08,112.41,112.85,110.815,111.09,1328178.0
2018-08-09,113.31,115.35,113.01,114.18,2040982.0
2018-08-10,114.07,115.46,113.545,113.64,1611680.0
2018-08-13,113.46,115.38,113.06,113.62,1329766.0
2018-08-14,113.63,116.84,113.46,116.39,1824009.0
2018-08-15,115.48,115.78,113.54,114.47,1288584.0
2018-08-16,115.63,116.27,115.03,115.49,1060809.0
2018-08-17,115.3,116.27,114.79,115.72,1068876.0
2018-08-20,116.18,117.19,115.82,116.82,1204595.0
2018-08-21,117.15,119.74,117.15,118.5,1604348.0
2018-08-22,118.02,119.64,117.59,118.33,1291528.0
2018-08-23,117.84,118.8,117.29,118.03,1223944.0
2018-08-24,118.48,120.31,118.3025,119.71,1245108.0
2018-08-27,120.4,121.95,119.84,119.98,2014937.0
2018-08-28,120.43,120.53,118.59,120.15,1203018.0
2018-08-29,123.49,124.63,123.0,123.95,2181165.0
2018-08-30,123.39,123.39,122.05,122.91,1037621.0
2018-08-31,123.05,123.37,122.18,122.58,936724.0
2018-09-04,122.24,122.97,120.04,121.15,1585008.0
2018-09-05,121.14,121.61,119.97,120.84,1143075.0
2018-09-06,122.37,124.47,122.0,124.04,2366450.0
2018-09-07,123.45,124.54,123.17,124.36,1166801.0
2018-09-10,125.0,125.82,123.79,123.92,1399203.0
2018-09-11,122.97,123.19,122.04,122.52,1335387.0
2018-09-12,122.82,124.28,121.76,123.7,1467564.0
2018-09-13,124.1,126.355,123.95,125.86,1729248.0
2018-09-14,126.1,129.94,126.04,129.29,2517458.0
2018-09-17,128.83,130.685,128.52,128.74,1636732.0
2018-09-18,128.95,131.65,127.24,131.0,2187439.0
2018-09-19,130.97,131.7,129.67,131.24,1354712.0
2018-09-20,131.32,132.47,130.59,132.14,1626086.0
2018-09-21,133.57,133.6,131.13,131.47,2411561.0
2018-09-24,131.29,131.29,129.3896,130.02,1462643.0
2018-09-25,130.38,130.4899,129.21,129.42,1565876.0
2018-09-26,130.0,131.31,129.11,129.3,1838178.0
2018-09-27,124.96,129.6,123.25,129.32,4393115.0
2018-09-28,129.32,130.99,129.04,129.94,1525286.0
2018-10-01,130.33,131.48,129.31,129.64,1207538.0
2018-10-02,130.05,130.2,128.2,128.4,1193908.0
2018-10-03,128.74,129.08,127.68,128.07,1099302.0
2018-10-04,127.48,127.805,123.86,125.51,2297712.0
2018-10-05,125.63,126.68,122.87,123.67,1744807.0
2018-10-08,123.66,124.94,122.85,124.46,1180331.0
2018-10-09,124.04,124.67,122.67,123.09,1042558.0
2018-10-10,122.67,122.945,118.67,118.74,1694420.0
2018-10-11,118.8,118.96,115.8598,116.85,2018493.0
2018-10-12,119.13,119.51,117.0,119.05,1260794.0
2018-10-15,118.86,120.28,117.75,117.78,1517539.0
2018-10-16,118.86,121.86,118.7179,121.61,1159006.0
2018-10-17,121.3,121.88,119.92,120.59,882601.0
2018-10-18,120.56,120.66,116.371,116.63,1629044.0
2018-10-19,116.7,118.01,114.63,115.18,2438700.0
2018-10-22,116.09,116.33,114.51,114.61,2320146.0
2018-10-23,112.51,115.39,110.56,114.85,2646913.0
2018-10-24,114.27,114.8,106.5401,106.97,2977807.0
2018-10-25,108.0,109.51,103.06,107.94,5415291.0
2018-10-26,106.05,113.27,102.38,103.07,3701493.0
2018-10-29,104.26,105.34,97.48,99.52,3127794.0
2018-10-30,99.51,102.07,98.25,101.81,2928165.0
2018-10-31,103.76,106.42,103.76,104.73,2585570.0
2018-11-01,105.01,108.79,104.68,108.45,2176425.0
2018-11-02,108.95,109.17,104.76,105.8,2129831.0
2018-11-05,105.81,106.49,104.77,105.82,1363189.0
2018-11-06,105.38,106.33,104.67,106.12,1433005.0
2018-11-07,106.8,109.29,105.45,109.03,2107740.0
2018-11-08,109.1,110.69,107.05,107.69,1960378.0
2018-11-09,107.31,108.49,106.57,107.17,1614300.0
2018-11-12,106.68,107.11,104.45,104.67,1212719.0
2018-11-13,105.32,108.4,105.0,106.24,1741895.0
2018-11-14,107.38,107.82,105.26,106.51,1454758.0
2018-11-15,105.82,109.98,105.5,109.86,2467759.0
2018-11-16,109.28,110.94,109.07,109.99,1500686.0
2018-11-19,109.69,110.1899,106.4,107.02,928831.0
2018-11-20,105.0,107.91,103.69,107.26,1920036.0
2018-11-21,108.51,108.86,107.19,107.37,1197963.0
2018-11-23,107.1,111.04,106.99,110.28,746618.0
2018-11-26,111.04,112.2,110.61,111.46,1289374.0
2018-11-27,110.53,111.34,109.42,110.74,958978.0
2018-11-28,111.38,113.65,110.57,112.54,1488230.0
2018-11-29,113.05,113.43,111.42,111.63,1722288.0
2018-11-30,111.2,113.16,110.68,113.07,1574848.0
2018-12-03,114.24,116.48,113.38,114.25,2069148.0
2018-12-04,113.22,113.755,108.57,109.13,1634203.0
2018-12-06,107.39,110.28,106.21,110.24,1597570.0
2018-12-07,109.58,110.48,104.69,104.92,1419251.0
2018-12-10,105.02,107.38,103.3,104.86,1540578.0
2018-12-11,106.9,107.87,103.85,104.02,1364554.0
2018-12-12,105.73,107.2797,104.97,105.6,965546.0
2018-12-13,106.12,106.64,104.15,105.07,816953.0
2018-12-14,104.42,108.0,103.81,107.09,1503625.0
2018-12-17,106.84,108.745,105.49,106.35,2144478.0
2018-12-18,107.27,108.37,104.94,105.48,1828272.0
2018-12-19,105.34,106.93,101.43,101.95,3020566.0
2018-12-20,98.59,101.21,95.06,97.22,3822236.0
2018-12-21,97.28,98.28,92.45,92.52,3293620.0
2018-12-24,91.57,92.09,89.48,89.48,1390144.0
2018-12-26,91.0,94.51,89.51,94.47,1594018.0
2018-12-27,92.9,94.8,90.9,94.76,1278483.0
2018-12-28,95.19,97.2099,94.38,96.04,1704419.0
2018-12-31,96.59,97.98,96.0,97.79,1879180.0
2019-01-02,96.4,98.51,95.95,97.79,1352202.0
2019-01-03,96.7,97.31,91.88,92.55,2807858.0
2019-01-04,94.8,99.92,94.5,98.76,2261376.0
2019-01-07,99.67,102.705,98.81,101.83,2150287.0
2019-01-08,103.74,104.81,102.53,103.93,1882325.0
2019-01-09,104.62,105.08,103.05,104.36,1453974.0
2019-01-10,103.4,105.4,102.21,104.9,1670890.0
2019-01-11,104.1,106.45,103.95,106.42,1305592.0
2019-01-14,105.03,105.97,104.25,104.97,1131656.0
2019-01-15,105.41,105.79,103.49,105.62,1452685.0
2019-01-16,105.68,106.74,105.01,105.66,1169392.0
2019-01-17,104.95,107.69,104.82,107.04,1059175.0
2019-01-18,108.07,110.16,107.61,109.35,1877792.0
2019-01-22,109.01,109.78,107.84,108.63,2066465.0
2019-01-23,109.01,110.4,106.89,108.31,1505851.0
2019-01-24,108.84,109.83,108.28,109.75,965787.0
2019-01-25,111.0,111.915,110.36,111.74,1214053.0
2019-01-28,110.63,112.67,110.295,112.21,1470718.0
2019-01-29,112.04,112.91,111.17,112.05,2305749.0
2019-01-30,116.85,121.43,116.5,120.98,4819959.0
2019-01-31,120.67,121.46,119.2,120.05,2551872.0
2019-02-01,120.54,121.0,117.84,118.31,2042369.0
2019-02-04,118.31,119.5,117.88,119.0,1402571.0
2019-02-05,119.36,120.26,117.7,118.22,2070025.0
2019-02-06,116.95,118.51,116.91,118.15,2856141.0
2019-02-07,117.4,117.4,114.4,115.68,1688826.0
2019-02-08,114.33,115.77,112.81,114.84,2122519.0
2019-02-11,116.11,117.1,115.6357,116.1,1569261.0
2019-02-12,116.65,116.82,115.34,116.29,1771380.0
2019-02-13,117.76,118.74,117.42,117.84,1296440.0
2019-02-14,117.0,117.59,115.99,117.22,970972.0
2019-02-15,117.9,118.42,117.24,117.97,1325497.0
2019-02-19,117.58,120.73,117.58,119.36,1935346.0
2019-02-20,119.46,121.29,119.23,120.83,1119552.0
2019-02-21,123.03,124.25,120.51,120.97,1973997.0
2019-02-22,121.03,121.435,120.35,120.93,838229.0
2019-02-25,121.79,121.79,120.47,120.56,872935.0
2019-02-26,120.02,120.79,119.39,119.66,909575.0
2019-02-27,119.0,119.92,117.21,118.46,1267694.0
2019-02-28,118.21,119.43,117.29,118.48,1059294.0
2019-03-01,119.97,121.25,118.61,119.03,1378905.0
2019-03-04,119.19,119.7,116.51,117.68,1278744.0
2019-03-05,118.15,119.97,118.03,119.41,1189585.0
2019-03-06,118.61,119.28,117.0,117.09,1050453.0
2019-03-07,117.03,117.1,115.0,115.71,1775155.0
2019-03-08,115.0,116.67,114.56,116.54,1047978.0
2019-03-11,116.65,117.3,116.22,116.88,740881.0
2019-03-12,117.34,117.34,115.37,116.29,902927.0
2019-03-13,116.98,118.85,116.32,117.12,995551.0
2019-03-14,117.04,117.28,115.465,116.45,991552.0
2019-03-15,116.84,118.45,116.77,117.18,1142001.0
2019-03-18,117.63,118.73,117.38,118.3,1309127.0
2019-03-19,118.95,119.45,116.97,117.44,1084221.0
2019-03-20,117.1,117.1,115.2,116.0,1547962.0
2019-03-21,115.57,118.01,115.28,117.77,728226.0
2019-03-22,117.28,117.45,115.13,115.58,1423035.0
2019-03-25,115.17,115.6,113.86,114.5,1558986.0
2019-03-26,111.8,115.81,111.3401,113.11,2616138.0
2019-03-27,113.47,113.745,110.63,110.99,1860448.0
2019-03-28,111.29,112.77,110.74,112.45,1342519.0
2019-03-29,112.83,114.82,112.54,114.62,1558468.0
2019-04-01,115.79,117.17,115.31,115.61,1615475.0
2019-04-02,115.61,116.51,115.17,116.26,1090803.0
2019-04-03,116.96,117.06,115.56,116.63,981895.0
2019-04-04,117.01,117.01,115.63,115.87,763385.0
2019-04-05,115.84,117.48,115.84,117.27,911757.0
2019-04-08,117.28,118.95,116.9169,118.42,1843070.0
2019-04-09,117.54,118.31,115.01,115.32,1228970.0
2019-04-10,115.84,116.76,115.58,116.51,1015576.0
2019-04-11,116.87,119.02,116.86,118.94,1264408.0
2019-04-12,119.78,122.06,119.57,121.94,1757215.0
2019-04-15,122.38,122.52,121.54,122.46,1550846.0
2019-04-16,123.3,124.38,122.86,124.11,1654039.0
2019-04-17,124.64,124.81,123.07,123.24,1982748.0
2019-04-18,123.61,123.9,119.511,120.99,2415356.0
2019-04-22,120.06,120.78,119.75,120.41,1351178.0
2019-04-23,120.98,122.56,120.5,122.48,1235901.0
2019-04-24,122.74,122.74,120.1,121.5,1235147.0
2019-04-25,121.14,121.88,120.21,120.76,1142279.0
2019-04-26,121.36,121.65,120.54,121.16,1126273.0
2019-04-29,121.17,122.573,120.84,122.28,1618314.0
2019-04-30,121.88,121.88,119.8,120.94,2259345.0
2019-05-01,127.26,130.9,125.45,129.03,3795200.0
2019-05-02,128.82,128.98,125.55,125.77,1803562.0
2019-05-03,126.79,131.04,126.73,130.89,2134061.0
2019-05-06,127.32,129.63,127.15,129.17,1224260.0
2019-05-07,128.04,128.33,125.68,127.28,1308965.0
2019-05-08,126.8,128.52,126.33,127.32,1065691.0
2019-05-09,126.15,127.84,125.01,127.33,1058201.0
2019-05-10,126.29,127.5,123.47,126.07,1508575.0
2019-05-13,123.6,123.6,119.77,121.89,1761148.0
2019-05-14,122.2,125.04,122.08,123.58,1504103.0
2019-05-15,122.37,124.46,121.55,123.77,835173.0
2019-05-16,124.5,126.24,123.72,125.72,722571.0
2019-05-17,124.34,126.13,124.16,124.88,752934.0
2019-05-20,123.7,123.98,122.41,123.11,763771.0
2019-05-21,124.05,125.18,124.0,124.69,1033491.0
2019-05-22,123.91,125.35,123.77,124.96,929494.0
2019-05-23,123.46,124.44,122.7,124.42,1545718.0
2019-05-24,124.84,125.97,123.59,123.68,718040.0
2019-05-28,124.11,124.92,122.88,123.09,1179631.0
2019-05-29,122.27,122.8,120.97,121.81,1015948.0
2019-05-30,122.46,123.1,121.83,122.95,854050.0
2019-05-31,121.58,122.2,121.0,121.76,1041513.0
2019-06-03,121.2,121.95,120.0902,120.7,1183768.0
2019-06-04,121.89,121.89,117.17,121.51,2833824.0
2019-06-05,122.45,122.45,116.39,118.47,2251150.0
2019-06-06,118.48,118.85,116.79,118.64,2023861.0
2019-06-07,118.86,123.0,118.86,120.97,1154602.0
2019-06-10,122.02,124.33,121.79,123.44,965205.0
2019-06-11,124.48,125.58,122.44,122.86,981707.0
2019-06-12,123.3,124.6815,122.29,124.27,1008449.0
2019-06-13,124.15,124.15,122.13,122.47,1010026.0
2019-06-14,122.55,124.25,122.2833,124.13,801279.0
2019-06-17,124.1,124.38,122.02,122.21,908733.0
2019-06-18,123.15,124.45,121.94,122.63,873134.0
2019-06-19,123.25,123.62,121.72,122.65,781430.0
2019-06-20,119.21,121.42,118.09,118.74,3430064.0
2019-06-21,118.36,118.74,114.76,114.84,2823185.0
2019-06-24,114.59,117.52,114.39,117.1,2455070.0
2019-06-25,116.65,117.41,114.45,116.04,1618125.0
2019-06-26,116.69,117.19,115.53,116.55,1179827.0
2019-06-27,117.18,119.52,116.58,119.2,1099413.0
2019-06-28,119.6,121.34,119.32,121.21,2067164.0
2019-07-01,122.0,122.9,117.74,118.07,2203327.0
2019-07-02,118.25,119.09,117.29,119.04,1105618.0
2019-07-03,118.57,118.69,115.81,116.54,1634593.0
2019-07-05,116.55,116.72,115.1,115.4,2210118.0
2019-07-08,115.0,115.315,111.53,111.89,2900271.0
2019-07-09,111.13,112.29,109.94,111.22,3188718.0
2019-07-10,111.87,112.27,110.13,110.38,2098697.0
2019-07-11,110.36,110.77,109.56,110.4,2225864.0
2019-07-12,110.22,110.91,109.24,110.14,3208087.0
2019-07-15,110.45,113.29,110.45,112.85,3594272.0
2019-07-16,112.57,115.0625,112.5204,114.55,2473129.0
2019-07-17,114.36,114.82,111.08,111.76,1923410.0
2019-07-18,111.36,111.91,110.24,111.0,1955624.0
2019-07-19,111.54,112.83,110.09,110.15,1931625.0
2019-07-22,110.58,111.91,110.1,111.63,3049159.0
2019-07-23,112.46,114.06,112.37,113.73,2054786.0
2019-07-24,113.51,115.6,113.19,115.34,3141588.0
2019-07-25,112.44,115.95,111.645,113.04,3491501.0
2019-07-26,114.53,115.34,113.355,113.96,2322965.0
2019-07-29,113.75,115.13,113.82,114.83,202812.0
