Date,High,Low,Open,Close,Volume,Adj Close
2009-01-02,15000.0,14800.0,14900.0,14900.0,16020.0,13876.75390625
2009-01-05,14900.0,14250.0,14900.0,14250.0,50718.0,13271.392578125
2009-01-06,14400.0,13900.0,14200.0,13900.0,41091.0,12945.4306640625
2009-01-07,14150.0,13750.0,13950.0,13850.0,72936.0,12898.8623046875
2009-01-08,13900.0,13500.0,13800.0,13650.0,53371.0,12712.5986328125
2009-01-09,13800.0,13500.0,13700.0,13700.0,77154.0,12759.1650390625
2009-01-12,14250.0,13600.0,13700.0,14150.0,97932.0,13178.2607421875
2009-01-13,14300.0,13850.0,14050.0,14300.0,91160.0,13317.958984375
2009-01-14,14500.0,14050.0,14150.0,14500.0,49110.0,13504.2255859375
2009-01-15,14500.0,13900.0,14050.0,14000.0,59326.0,13038.5615234375
2009-01-16,14350.0,14050.0,14200.0,14350.0,21714.0,13364.5244140625
2009-01-19,14500.0,14250.0,14250.0,14300.0,24731.0,13317.958984375
2009-01-20,14500.0,14050.0,14500.0,14050.0,35333.0,13085.12890625
2009-01-21,14000.0,13650.0,13750.0,13800.0,45242.0,12852.296875
2009-01-22,14250.0,13650.0,14250.0,14100.0,48561.0,13131.6943359375
2009-01-23,14200.0,13750.0,14100.0,13850.0,27583.0,12898.8623046875
2009-01-28,14000.0,13550.0,14000.0,13800.0,125831.0,12852.296875
2009-01-29,14100.0,13650.0,13800.0,14100.0,71068.0,13131.6943359375
2009-01-30,14150.0,13750.0,13900.0,14150.0,56591.0,13178.2607421875
2009-02-02,14800.0,13950.0,14150.0,14800.0,83571.0,13783.6220703125
2009-02-03,14900.0,14350.0,14700.0,14900.0,133763.0,13876.75390625
2009-02-04,15050.0,14700.0,14750.0,15000.0,77422.0,13969.888671875
2009-02-05,14950.0,14650.0,14800.0,14700.0,56835.0,13690.4892578125
2009-02-06,14800.0,14500.0,14800.0,14750.0,66520.0,13737.056640625
2009-02-09,15050.0,14700.0,14900.0,14700.0,29795.0,13690.4892578125
2009-02-10,15250.0,14550.0,14850.0,15150.0,72340.0,14109.5859375
2009-02-11,15800.0,14900.0,14950.0,15650.0,59966.0,14575.248046875
2009-02-12,15700.0,15000.0,15700.0,15650.0,93525.0,14575.248046875
2009-02-13,15850.0,15450.0,15700.0,15850.0,63850.0,14761.5126953125
2009-02-16,16200.0,15600.0,15850.0,16200.0,118986.0,15087.4775390625
2009-02-17,16050.0,15500.0,15950.0,16050.0,149942.0,14947.7802734375
2009-02-18,16050.0,15600.0,15650.0,15950.0,66025.0,14854.6474609375
2009-02-19,16150.0,15650.0,15750.0,16050.0,41280.0,14947.7802734375
2009-02-20,16400.0,15800.0,16000.0,16300.0,84521.0,15180.6123046875
2009-02-23,17250.0,16200.0,16200.0,16450.0,67642.0,15320.3095703125
2009-02-24,16700.0,16000.0,16100.0,16700.0,97175.0,15553.1396484375
2009-02-25,16950.0,16500.0,16950.0,16700.0,60942.0,15553.1396484375
2009-02-26,16800.0,16250.0,16800.0,16600.0,17050.0,15460.0068359375
2009-02-27,16650.0,16000.0,16650.0,16500.0,41258.0,15366.875
2009-03-02,16500.0,16000.0,16150.0,16000.0,32249.0,14901.2119140625
2009-03-03,15800.0,15200.0,15700.0,15700.0,35437.0,14621.8154296875
2009-03-04,16350.0,15400.0,15650.0,15850.0,106366.0,14761.5126953125
2009-03-05,16150.0,15650.0,15950.0,16150.0,423793.0,15040.912109375
2009-03-06,16300.0,15850.0,15950.0,16100.0,22160.0,14994.345703125
2009-03-09,16650.0,16000.0,16350.0,16600.0,17250.0,15460.0068359375
2009-03-10,17850.0,16350.0,16550.0,17350.0,109429.0,16158.501953125
2009-03-11,17750.0,17050.0,17700.0,17750.0,74260.0,16531.033203125
2009-03-12,17700.0,16950.0,17400.0,17050.0,121230.0,15879.1044921875
2009-03-13,17300.0,16700.0,17000.0,17300.0,40130.0,16111.9375
2009-03-16,17350.0,16850.0,17100.0,17000.0,68360.0,15832.5390625
2009-03-17,17500.0,16900.0,17000.0,17500.0,39503.0,16298.2021484375
2009-03-18,17450.0,17000.0,17400.0,17300.0,52570.0,16111.9375
2009-03-19,17600.0,16850.0,17250.0,17500.0,73660.0,16298.2021484375
2009-03-20,17700.0,17150.0,17250.0,17700.0,60870.0,16484.46875
2009-03-23,17700.0,17500.0,17700.0,17600.0,610.0,16391.33203125
2009-03-24,17900.0,17250.0,17900.0,17600.0,36185.0,16391.33203125
2009-03-25,17600.0,16800.0,17600.0,17250.0,184010.0,16065.37109375
2009-03-26,17200.0,16850.0,17200.0,17050.0,118000.0,15879.1044921875
2009-03-27,17200.0,16450.0,17100.0,16600.0,159483.0,15460.0068359375
2009-03-30,16850.0,16300.0,16500.0,16700.0,79031.0,15553.1396484375
2009-03-31,17050.0,16450.0,16550.0,16950.0,57863.0,15785.9716796875
2009-04-01,17200.0,16900.0,17100.0,17200.0,56561.0,16018.802734375
2009-04-02,17350.0,17050.0,17100.0,17350.0,83360.0,16158.501953125
2009-04-03,17350.0,15800.0,17350.0,16400.0,777080.0,15273.7421875
2009-04-06,16500.0,16050.0,16300.0,16100.0,264954.0,14994.345703125
2009-04-07,16550.0,16100.0,16150.0,16250.0,168579.0,15134.044921875
2009-04-08,16850.0,16250.0,16250.0,16700.0,129350.0,15553.1396484375
2009-04-09,17500.0,16600.0,16800.0,17500.0,191850.0,16298.2021484375
2009-04-10,17650.0,17050.0,17550.0,17400.0,80195.0,16205.0654296875
2009-04-13,17700.0,17050.0,17200.0,17450.0,85925.0,16251.6357421875
2009-04-14,18300.0,17550.0,17800.0,17900.0,166276.0,16670.73046875
2009-04-15,17800.0,16650.0,17800.0,17450.0,170467.0,16251.6357421875
2009-04-16,17750.0,16900.0,17500.0,17450.0,232250.0,16251.6357421875
2009-04-17,17350.0,17000.0,17350.0,17100.0,93628.0,15925.6708984375
2009-04-20,17400.0,16600.0,17200.0,16700.0,103907.0,15553.1396484375
2009-04-21,16950.0,16400.0,16450.0,16900.0,112762.0,15739.40625
2009-04-22,17100.0,16650.0,17100.0,17000.0,83591.0,15832.5390625
2009-04-23,16950.0,16350.0,16850.0,16450.0,227668.0,15320.3095703125
2009-04-24,16500.0,16250.0,16450.0,16300.0,169484.0,15180.6123046875
2009-04-27,16350.0,15900.0,16350.0,16050.0,111239.0,14947.7802734375
2009-04-28,16000.0,15500.0,15900.0,15800.0,228216.0,14714.947265625
2009-04-29,16300.0,15550.0,15800.0,16300.0,102313.0,15180.6123046875
2009-04-30,16800.0,16100.0,16250.0,16800.0,208460.0,15646.2734375
2009-05-04,16950.0,16650.0,16850.0,16950.0,134871.0,15785.9716796875
2009-05-06,16950.0,16450.0,16850.0,16600.0,96621.0,15460.0068359375
2009-05-07,17100.0,16400.0,16600.0,17100.0,142735.0,15925.6708984375
2009-05-08,17350.0,16750.0,17100.0,17100.0,298531.0,15925.6708984375
2009-05-11,17450.0,16950.0,17300.0,17350.0,111845.0,16158.501953125
2009-05-12,17350.0,16850.0,17350.0,17000.0,94040.0,15832.5390625
2009-05-13,17350.0,16850.0,17100.0,17050.0,90271.0,15879.1044921875
2009-05-14,17050.0,16800.0,16850.0,17000.0,39751.0,15832.5390625
2009-05-15,17100.0,16850.0,17000.0,17000.0,59910.0,15832.5390625
2009-05-18,17250.0,16700.0,16900.0,17000.0,75780.0,15832.5390625
2009-05-19,17150.0,16900.0,17150.0,17000.0,79101.0,15832.5390625
2009-05-20,17100.0,16900.0,17100.0,17000.0,50150.0,15832.5390625
2009-05-21,17100.0,16600.0,17050.0,17000.0,86520.0,15832.5390625
2009-05-22,17700.0,16850.0,17000.0,17000.0,312735.0,15832.5390625
2009-05-25,18150.0,16750.0,17000.0,18150.0,431285.0,16903.564453125
2009-05-26,18750.0,18050.0,18100.0,18500.0,535048.0,17229.52734375
2009-05-27,18700.0,17750.0,18700.0,18150.0,173344.0,16903.564453125
2009-05-28,18000.0,17100.0,17950.0,17550.0,217428.0,16344.76953125
2009-05-29,18100.0,17400.0,17700.0,17850.0,104950.0,16624.1640625
2009-06-01,18650.0,17900.0,18050.0,17900.0,155436.0,16670.73046875
2009-06-02,18350.0,17900.0,18100.0,18250.0,120840.0,16996.6953125
2009-06-03,19000.0,18350.0,18400.0,18750.0,194089.0,17462.359375
2009-06-04,19250.0,18700.0,18800.0,18750.0,620312.0,17462.359375
2009-06-05,20000.0,18700.0,19000.0,19800.0,643052.0,18440.251953125
2009-06-08,20200.0,19500.0,19950.0,19500.0,357792.0,18160.853515625
2009-06-09,20350.0,19350.0,19750.0,19950.0,275522.0,18579.947265625
2009-06-10,20600.0,19400.0,20000.0,19400.0,241939.0,18067.72265625
2009-06-11,20250.0,19250.0,19400.0,20100.0,151792.0,18719.650390625
2009-06-12,20250.0,19400.0,20250.0,19800.0,126739.0,18440.251953125
2009-06-15,20350.0,19700.0,19950.0,20200.0,228580.0,18812.783203125
2009-06-16,20600.0,19850.0,20150.0,20100.0,191990.0,18719.650390625
2009-06-17,21050.0,19850.0,20000.0,20900.0,309179.0,19464.7109375
2009-06-18,20950.0,19900.0,20850.0,19900.0,144389.0,18533.38671875
2009-06-19,20250.0,19300.0,19950.0,20250.0,145120.0,18859.349609375
2009-06-22,22500.0,20900.0,21500.0,21450.0,444986.0,19976.935546875
2009-06-23,21450.0,20700.0,21000.0,21200.0,215609.0,19744.107421875
2009-06-24,21550.0,20700.0,21000.0,21400.0,129173.0,19930.373046875
2009-06-25,21950.0,21250.0,21250.0,21950.0,159524.0,20442.6015625
2009-06-26,21950.0,20900.0,21800.0,21950.0,186317.0,20442.6015625
2009-06-29,21800.0,21150.0,21800.0,21250.0,134370.0,19790.673828125
2009-06-30,21650.0,20900.0,21300.0,21600.0,168640.0,20116.638671875
2009-07-01,22000.0,20900.0,21500.0,21450.0,110210.0,19976.935546875
2009-07-02,22500.0,21200.0,21800.0,21600.0,202145.0,20116.638671875
2009-07-03,21850.0,21350.0,21450.0,21800.0,120991.0,20302.900390625
2009-07-06,21850.0,21000.0,21800.0,21000.0,122280.0,19557.83984375
2009-07-07,21350.0,20700.0,21250.0,20900.0,119730.0,19464.7109375
2009-07-08,21250.0,20500.0,20900.0,20550.0,122733.0,19138.744140625
2009-07-09,21650.0,20650.0,20700.0,21400.0,137154.0,19930.373046875
2009-07-10,21450.0,20750.0,21300.0,21450.0,175212.0,19976.935546875
2009-07-13,21350.0,20650.0,21350.0,21000.0,79636.0,19557.83984375
2009-07-14,20900.0,20050.0,20900.0,20250.0,102898.0,18859.349609375
2009-07-15,20400.0,19800.0,20300.0,20050.0,70547.0,18673.080078125
2009-07-16,20350.0,19400.0,20250.0,20100.0,96387.0,18719.650390625
2009-07-17,20150.0,19650.0,20100.0,20050.0,48211.0,18673.080078125
2009-07-20,20200.0,19750.0,20050.0,20100.0,83563.0,18719.650390625
2009-07-21,20900.0,20050.0,20150.0,20900.0,135061.0,19464.7109375
2009-07-22,20950.0,20000.0,20950.0,20150.0,166405.0,18766.216796875
2009-07-23,20250.0,19900.0,20150.0,20100.0,50198.0,18719.650390625
2009-07-24,20350.0,19850.0,20300.0,20200.0,85129.0,18812.783203125
2009-07-27,20650.0,19950.0,20500.0,20600.0,129572.0,19185.3125
2009-07-28,21400.0,20350.0,20600.0,20600.0,121870.0,19185.3125
2009-07-29,20850.0,20450.0,20850.0,20500.0,39755.0,19092.1796875
2009-07-30,20900.0,20300.0,20400.0,20750.0,59832.0,19325.009765625
2009-07-31,20850.0,20450.0,20850.0,20450.0,65779.0,19045.61328125
2009-08-03,20800.0,20100.0,20450.0,20800.0,121111.0,19371.57421875
2009-08-04,21000.0,20150.0,20800.0,20600.0,90751.0,19185.3125
2009-08-05,20750.0,20300.0,20700.0,20300.0,45287.0,18905.912109375
2009-08-06,20450.0,19750.0,20200.0,20100.0,89398.0,18719.650390625
2009-08-07,20500.0,19500.0,20050.0,20500.0,130606.0,19092.1796875
2009-08-10,20550.0,20250.0,20550.0,20300.0,42410.0,18905.912109375
2009-08-11,22800.0,20550.0,20550.0,21900.0,303935.0,20396.03515625
2009-08-12,22500.0,21650.0,22050.0,22000.0,170874.0,20489.16796875
2009-08-13,22050.0,21600.0,22050.0,21800.0,52284.0,20302.900390625
2009-08-14,21900.0,21500.0,21800.0,21650.0,65653.0,20163.203125
2009-08-17,22100.0,21550.0,21600.0,21850.0,111885.0,20349.46875
2009-08-18,22100.0,20750.0,21750.0,21000.0,135088.0,19557.83984375
2009-08-19,21150.0,20350.0,21000.0,20500.0,108477.0,19092.1796875
2009-08-20,20800.0,19900.0,20800.0,20500.0,188969.0,19092.1796875
2009-08-21,20600.0,19750.0,20500.0,20000.0,115855.0,18626.517578125
2009-08-24,20400.0,19650.0,20300.0,19750.0,199769.0,18393.68359375
2009-08-25,20050.0,19300.0,19900.0,19500.0,185249.0,18160.853515625
2009-08-26,19750.0,19350.0,19650.0,19500.0,86303.0,18160.853515625
2009-08-27,20100.0,19400.0,19400.0,20050.0,103766.0,18673.080078125
2009-08-28,20200.0,19700.0,20200.0,20000.0,76796.0,18626.517578125
2009-08-31,20450.0,20050.0,20050.0,20350.0,106718.0,18952.48046875
2009-09-01,20700.0,19750.0,20350.0,20050.0,152184.0,18673.080078125
2009-09-02,19950.0,19700.0,19900.0,19900.0,53163.0,18533.38671875
2009-09-03,20000.0,19650.0,19800.0,19950.0,49785.0,18579.947265625
2009-09-04,20100.0,19650.0,20100.0,19900.0,45241.0,18533.38671875
2009-09-07,20500.0,19900.0,20150.0,19900.0,108516.0,18533.38671875
2009-09-08,20400.0,19950.0,20250.0,20400.0,104286.0,18999.048828125
2009-09-09,20400.0,20000.0,20400.0,20200.0,61039.0,18812.783203125
2009-09-10,21100.0,20250.0,20550.0,21100.0,114899.0,19650.974609375
2009-09-11,21250.0,20850.0,21050.0,21250.0,65122.0,19790.673828125
2009-09-14,21300.0,20400.0,21250.0,20600.0,57698.0,19185.3125
2009-09-15,20650.0,20150.0,20450.0,20350.0,74225.0,18952.48046875
2009-09-16,20750.0,20350.0,20450.0,20650.0,72673.0,19231.87890625
2009-09-17,20650.0,19950.0,20650.0,20200.0,101227.0,18812.783203125
2009-09-18,21100.0,20150.0,20200.0,21100.0,99440.0,19650.974609375
2009-09-21,20950.0,20550.0,20950.0,20850.0,51508.0,19418.142578125
2009-09-22,20700.0,19850.0,20700.0,20000.0,249742.0,18626.517578125
2009-09-23,20100.0,19650.0,20100.0,19650.0,77177.0,18300.5546875
2009-09-24,19900.0,19500.0,19800.0,19650.0,36870.0,18300.5546875
2009-09-25,20000.0,19500.0,19650.0,20000.0,34251.0,18626.517578125
2009-09-28,19950.0,19600.0,19850.0,19650.0,21424.0,18300.5546875
2009-09-29,20100.0,19700.0,19700.0,20100.0,35073.0,18719.650390625
2009-09-30,20100.0,19850.0,20100.0,20000.0,32832.0,18626.517578125
2009-10-01,20050.0,19600.0,20050.0,19850.0,23363.0,18486.818359375
2009-10-05,20000.0,19700.0,19950.0,19850.0,15662.0,18486.818359375
2009-10-06,20000.0,19500.0,20000.0,19850.0,48220.0,18486.818359375
2009-10-07,19850.0,19200.0,19850.0,19450.0,170928.0,18114.2890625
2009-10-08,20050.0,19250.0,19300.0,20000.0,97415.0,18626.517578125
2009-10-09,20650.0,19900.0,19900.0,20600.0,106641.0,19185.3125
2009-10-12,20900.0,20300.0,20900.0,20850.0,49322.0,19418.142578125
2009-10-13,21150.0,20700.0,20900.0,21000.0,86588.0,19557.83984375
2009-10-14,21050.0,20550.0,20750.0,20800.0,18860.0,19371.57421875
2009-10-15,20900.0,20400.0,20650.0,20400.0,28595.0,18999.048828125
2009-10-16,20800.0,20250.0,20250.0,20700.0,32373.0,19278.4453125
2009-10-19,20850.0,20450.0,20850.0,20700.0,16160.0,19278.4453125
2009-10-20,20700.0,20400.0,20700.0,20700.0,21176.0,19278.4453125
2009-10-21,20700.0,20400.0,20450.0,20600.0,15450.0,19185.3125
2009-10-22,20650.0,20350.0,20550.0,20550.0,19491.0,19138.744140625
2009-10-23,20700.0,19750.0,20450.0,20200.0,83037.0,18812.783203125
2009-10-26,20300.0,19700.0,20200.0,20300.0,41240.0,18905.912109375
2009-10-27,20500.0,19650.0,20300.0,19750.0,52640.0,18393.68359375
2009-10-28,20300.0,19350.0,19900.0,20200.0,48771.0,18812.783203125
2009-10-29,20200.0,19450.0,20200.0,19600.0,30294.0,18253.984375
2009-10-30,19700.0,19400.0,19400.0,19550.0,16671.0,18207.41796875
2009-11-02,19350.0,19000.0,19050.0,19300.0,13105.0,17974.5859375
2009-11-03,19200.0,18950.0,19050.0,18950.0,16903.0,17648.625
2009-11-04,18900.0,18600.0,18850.0,18850.0,26323.0,17555.490234375
2009-11-05,18900.0,18600.0,18900.0,18800.0,37995.0,17508.92578125
2009-11-06,19000.0,18700.0,18850.0,18750.0,16420.0,17462.359375
2009-11-09,19250.0,18500.0,18750.0,18700.0,31185.0,17415.79296875
2009-11-10,18750.0,18400.0,18750.0,18650.0,38210.0,17369.2265625
2009-11-11,18700.0,18300.0,18550.0,18500.0,24999.0,17229.52734375
2009-11-12,18700.0,18450.0,18450.0,18500.0,9080.0,17229.52734375
2009-11-13,18650.0,18400.0,18500.0,18500.0,12780.0,17229.52734375
2009-11-16,18750.0,18500.0,18600.0,18500.0,30483.0,17229.52734375
2009-11-17,19600.0,18700.0,18750.0,18750.0,76053.0,17462.359375
2009-11-18,18950.0,18600.0,18900.0,18950.0,50732.0,17648.625
2009-11-19,19150.0,18700.0,18750.0,19150.0,57880.0,17834.892578125
2009-11-20,18900.0,18750.0,18900.0,18850.0,50951.0,17555.490234375
2009-11-23,18750.0,18250.0,18750.0,18250.0,80382.0,16996.6953125
2009-11-24,18400.0,17900.0,18200.0,18300.0,81455.0,17043.263671875
2009-11-25,18400.0,17950.0,18350.0,18300.0,55602.0,17043.263671875
2009-11-26,18300.0,17900.0,18100.0,18000.0,103871.0,16763.865234375
2009-11-27,18100.0,17800.0,18000.0,17900.0,70971.0,16670.73046875
2009-11-30,19150.0,17800.0,18000.0,19150.0,61565.0,17834.892578125
2009-12-01,18950.0,18550.0,18950.0,18650.0,37752.0,17369.2265625
2009-12-02,19000.0,18400.0,18700.0,18750.0,78081.0,17462.359375
2009-12-03,19000.0,18650.0,18700.0,19000.0,23631.0,17695.189453125
2009-12-04,19050.0,18800.0,18800.0,19000.0,21010.0,17695.189453125
2009-12-07,19700.0,19000.0,19300.0,19350.0,117084.0,18021.15234375
2009-12-08,19750.0,19250.0,19450.0,19750.0,64550.0,18393.68359375
2009-12-09,19750.0,19400.0,19600.0,19700.0,44030.0,18347.119140625
2009-12-10,20150.0,19400.0,19750.0,20100.0,59763.0,18719.650390625
2009-12-11,20100.0,19700.0,20100.0,19800.0,49332.0,18440.251953125
2009-12-14,20250.0,19600.0,19850.0,20150.0,63848.0,18766.216796875
2009-12-15,20350.0,20050.0,20050.0,20200.0,52888.0,18812.783203125
2009-12-16,20100.0,19700.0,20000.0,19850.0,42940.0,18486.818359375
2009-12-17,20050.0,19800.0,19850.0,20050.0,32781.0,18673.080078125
2009-12-18,20100.0,19700.0,19900.0,19950.0,56740.0,18579.947265625
2009-12-21,21600.0,20050.0,20100.0,21500.0,320200.0,20023.505859375
2009-12-22,22050.0,21300.0,21800.0,22000.0,117350.0,20489.16796875
2009-12-23,22250.0,21550.0,22200.0,21950.0,125710.0,20442.6015625
2009-12-24,22000.0,21300.0,22000.0,21800.0,145333.0,20302.900390625
2009-12-28,21800.0,20900.0,21600.0,21500.0,103598.0,20023.505859375
2009-12-29,21500.0,21100.0,21450.0,21500.0,61453.0,20259.076171875
2009-12-30,22000.0,21500.0,21700.0,22000.0,173223.0,20730.216796875
2010-01-04,22000.0,21100.0,22000.0,21100.0,211313.0,19882.162109375
2010-01-05,21500.0,20950.0,21350.0,21200.0,124823.0,19976.390625
2010-01-06,21700.0,21150.0,21400.0,21600.0,141670.0,20353.3046875
2010-01-07,22350.0,21600.0,21800.0,21750.0,418045.0,20494.646484375
2010-01-08,22800.0,21500.0,21900.0,22800.0,427576.0,21484.044921875
2010-01-11,23250.0,22550.0,23050.0,22600.0,250105.0,21295.587890625
2010-01-12,23800.0,22700.0,22700.0,23600.0,326053.0,22237.87109375
2010-01-13,24150.0,23050.0,23200.0,23300.0,245829.0,21955.18359375
2010-01-14,24000.0,23200.0,23550.0,23250.0,120522.0,21908.0703125
2010-01-15,23400.0,22350.0,23400.0,22600.0,243452.0,21295.587890625
2010-01-18,23050.0,22150.0,22400.0,22900.0,417961.0,21578.271484375
2010-01-19,22950.0,22400.0,22950.0,22600.0,126782.0,21295.587890625
2010-01-20,23000.0,22300.0,22500.0,22650.0,192488.0,21342.69921875
2010-01-21,22500.0,21900.0,22400.0,22000.0,278221.0,20730.216796875
2010-01-22,22650.0,21650.0,21700.0,22100.0,246618.0,20824.447265625
2010-01-25,24150.0,22000.0,22000.0,23100.0,555835.0,21766.73046875
2010-01-26,23400.0,22850.0,23150.0,23000.0,283100.0,21672.5
2010-01-27,22650.0,20950.0,22550.0,21200.0,575848.0,19976.390625
2010-01-28,21650.0,20400.0,21000.0,21550.0,340959.0,20306.189453125
2010-01-29,22100.0,21050.0,21400.0,21500.0,92192.0,20259.076171875
2010-02-01,21400.0,20350.0,21250.0,20850.0,124962.0,19646.591796875
2010-02-02,21650.0,20700.0,20700.0,21400.0,65502.0,20164.84765625
2010-02-03,22050.0,21100.0,21550.0,22000.0,62531.0,20730.216796875
2010-02-04,22500.0,21800.0,22000.0,22500.0,61862.0,21201.35546875
2010-02-05,22150.0,21550.0,21600.0,21850.0,45305.0,20588.875
2010-02-08,22300.0,21250.0,22000.0,22000.0,96952.0,20730.216796875
2010-02-09,22700.0,21600.0,21600.0,22600.0,64300.0,21295.587890625
2010-02-10,23050.0,22300.0,22600.0,22500.0,63594.0,21201.35546875
2010-02-11,22950.0,22350.0,22350.0,22900.0,35040.0,21578.271484375
2010-02-12,22900.0,22400.0,22700.0,22700.0,18580.0,21389.814453125
2010-02-16,23200.0,22300.0,22700.0,22750.0,31370.0,21436.9296875
2010-02-17,23750.0,22600.0,22850.0,23750.0,100102.0,22379.2109375
2010-02-18,23850.0,23550.0,23750.0,23650.0,75750.0,22284.982421875
2010-02-19,23750.0,22750.0,23300.0,23650.0,69850.0,22284.982421875
2010-02-22,24050.0,23450.0,23650.0,23650.0,97860.0,22284.982421875
2010-02-23,23900.0,23300.0,23400.0,23800.0,39491.0,22426.326171875
2010-02-24,23700.0,23150.0,23700.0,23150.0,37064.0,21813.841796875
2010-02-25,23450.0,22800.0,23200.0,23150.0,53663.0,21813.841796875
2010-02-26,23200.0,22550.0,23200.0,22900.0,50723.0,21578.271484375
2010-03-02,23250.0,22300.0,23000.0,22750.0,89251.0,21436.9296875
2010-03-03,22800.0,22100.0,22500.0,22750.0,118541.0,21436.9296875
2010-03-04,23250.0,22700.0,22700.0,22950.0,75434.0,21625.384765625
2010-03-05,24000.0,22750.0,22800.0,23500.0,165197.0,22143.638671875
2010-03-08,24200.0,23700.0,23900.0,24200.0,87227.0,22803.23828125
2010-03-09,24200.0,23700.0,24200.0,23800.0,31040.0,22426.326171875
2010-03-10,24000.0,23250.0,24000.0,23350.0,37343.0,22002.298828125
2010-03-11,23950.0,22550.0,23400.0,22900.0,166815.0,21578.271484375
2010-03-12,23200.0,22750.0,22750.0,23200.0,68220.0,21860.955078125
2010-03-15,23350.0,22950.0,23250.0,23200.0,15566.0,21860.955078125
2010-03-16,23400.0,22950.0,23350.0,23200.0,63533.0,21860.955078125
2010-03-17,23500.0,22750.0,23150.0,23500.0,80824.0,22143.638671875
2010-03-18,23450.0,22750.0,23450.0,22950.0,78120.0,21625.384765625
2010-03-19,23350.0,22450.0,22850.0,22800.0,123896.0,21484.044921875
2010-03-22,22950.0,22600.0,22800.0,22700.0,19490.0,21389.814453125
2010-03-23,23300.0,22550.0,22800.0,23200.0,60009.0,21860.955078125
2010-03-24,23500.0,22800.0,23200.0,23150.0,64670.0,21813.841796875
2010-03-25,23500.0,22750.0,23050.0,23500.0,76727.0,22143.638671875
2010-03-26,23800.0,23250.0,23500.0,23800.0,59680.0,22426.326171875
2010-03-29,23550.0,23100.0,23400.0,23100.0,45671.0,21766.73046875
2010-03-30,23950.0,23100.0,23100.0,23800.0,64830.0,22426.326171875
2010-03-31,24100.0,23700.0,23900.0,23800.0,51484.0,22426.326171875
2010-04-01,24500.0,23800.0,23800.0,24250.0,87819.0,22850.353515625
2010-04-02,24700.0,23850.0,24300.0,24200.0,96890.0,22803.23828125
2010-04-05,24550.0,23650.0,24550.0,23850.0,36572.0,22473.44140625
2010-04-06,24450.0,23750.0,23750.0,24250.0,49287.0,22850.353515625
2010-04-07,24250.0,23750.0,24050.0,24000.0,15034.0,22614.779296875
2010-04-08,24500.0,23600.0,24000.0,24450.0,37211.0,23038.810546875
2010-04-09,24950.0,24000.0,24850.0,24000.0,97509.0,22614.779296875
2010-04-12,24350.0,23800.0,24050.0,23950.0,56681.0,22567.669921875
2010-04-13,24700.0,24050.0,24050.0,24500.0,59581.0,23085.923828125
2010-04-14,25200.0,24500.0,24650.0,25200.0,63028.0,23745.521484375
2010-04-15,25200.0,24600.0,25200.0,25200.0,46093.0,23745.521484375
2010-04-16,25550.0,24900.0,25150.0,25300.0,38867.0,23839.75
2010-04-19,25300.0,24600.0,25000.0,24600.0,34113.0,23180.15234375
2010-04-20,24950.0,24400.0,24700.0,24650.0,102414.0,23227.265625
2010-04-21,24950.0,24300.0,24750.0,24950.0,87341.0,23509.953125
2010-04-22,24950.0,24500.0,24800.0,24950.0,60607.0,23509.953125
2010-04-23,24900.0,24550.0,24800.0,24900.0,22172.0,23462.837890625
2010-04-26,24900.0,24550.0,24850.0,24700.0,37231.0,23274.380859375
2010-04-27,24700.0,24050.0,24700.0,24350.0,77527.0,22944.578125
2010-04-28,24500.0,23750.0,23950.0,24500.0,59747.0,23085.923828125
2010-04-29,24500.0,23550.0,24300.0,23750.0,90678.0,22379.2109375
2010-04-30,23850.0,23300.0,23750.0,23300.0,94776.0,21955.18359375
2010-05-03,23550.0,23100.0,23300.0,23450.0,56370.0,22096.52734375
2010-05-04,23650.0,22800.0,23450.0,22850.0,68188.0,21531.15625
2010-05-06,23650.0,22450.0,22750.0,23500.0,71733.0,22143.638671875
2010-05-07,24150.0,22750.0,22750.0,24050.0,90319.0,22661.896484375
2010-05-10,24650.0,23800.0,23900.0,24400.0,44770.0,22991.6953125
2010-05-11,24450.0,23600.0,24450.0,24150.0,52463.0,22756.125
2010-05-12,24050.0,23500.0,23900.0,23500.0,29939.0,22143.638671875
2010-05-13,23950.0,23050.0,23500.0,23800.0,62310.0,22426.326171875
2010-05-14,23750.0,23200.0,23750.0,23200.0,52763.0,21860.955078125
2010-05-17,23300.0,22650.0,22950.0,23300.0,24719.0,21955.18359375
2010-05-18,24150.0,23000.0,23150.0,24050.0,50038.0,22661.896484375
2010-05-19,24200.0,23750.0,24050.0,24200.0,33102.0,22803.23828125
2010-05-20,24300.0,23650.0,24150.0,24150.0,24693.0,22756.125
2010-05-24,24250.0,23300.0,24150.0,23500.0,32384.0,22143.638671875
2010-05-25,23450.0,22200.0,23450.0,23250.0,25615.0,21908.0703125
2010-05-26,23600.0,23050.0,23250.0,23400.0,22822.0,22049.412109375
2010-05-27,23800.0,23000.0,23000.0,23700.0,29740.0,22332.09765625
2010-05-28,23850.0,23400.0,23700.0,23700.0,36441.0,22332.09765625
2010-05-31,24150.0,23350.0,23700.0,24150.0,25700.0,22756.125
2010-06-01,24150.0,23300.0,24150.0,24000.0,39235.0,22614.779296875
2010-06-03,24150.0,23200.0,24150.0,23300.0,55571.0,21955.18359375
2010-06-04,23600.0,23100.0,23250.0,23550.0,39490.0,22190.75390625
2010-06-07,23600.0,22850.0,22950.0,23500.0,21394.0,22143.638671875
2010-06-08,23450.0,23050.0,23450.0,23050.0,24373.0,21719.61328125
2010-06-09,23450.0,22900.0,23100.0,23200.0,23230.0,21860.955078125
2010-06-10,23400.0,22600.0,23150.0,23000.0,83094.0,21672.5
2010-06-11,23150.0,22400.0,23000.0,23150.0,74920.0,21813.841796875
2010-06-14,23050.0,22650.0,23050.0,22700.0,79822.0,21389.814453125
2010-06-15,23200.0,22650.0,22700.0,22950.0,47502.0,21625.384765625
2010-06-16,23200.0,22650.0,23150.0,22650.0,45660.0,21342.69921875
2010-06-17,22850.0,22300.0,22600.0,22450.0,56880.0,21154.244140625
2010-06-18,22450.0,21950.0,22300.0,21950.0,98974.0,20683.103515625
2010-06-21,22500.0,21450.0,22050.0,22400.0,276844.0,21107.130859375
2010-06-22,23350.0,22200.0,22350.0,22800.0,280451.0,21484.044921875
2010-06-23,22900.0,22400.0,22600.0,22600.0,99407.0,21295.587890625
2010-06-24,22800.0,22400.0,22650.0,22600.0,134577.0,21295.587890625
2010-06-25,22850.0,22150.0,22450.0,22500.0,98632.0,21201.35546875
2010-06-28,23600.0,22800.0,22850.0,23300.0,431856.0,21955.18359375
2010-06-29,23850.0,23150.0,23300.0,23600.0,278089.0,22237.87109375
2010-06-30,23900.0,23000.0,23200.0,23600.0,210828.0,22237.87109375
2010-07-01,24700.0,23400.0,23600.0,24550.0,293306.0,23133.03515625
2010-07-02,25100.0,24250.0,24550.0,24500.0,138185.0,23085.923828125
2010-07-05,24500.0,23700.0,24350.0,24450.0,162245.0,23038.810546875
2010-07-06,24400.0,23700.0,24400.0,23700.0,134390.0,22332.09765625
2010-07-07,24250.0,23350.0,23800.0,23350.0,140140.0,22002.298828125
2010-07-08,23650.0,23250.0,23550.0,23400.0,127976.0,22049.412109375
2010-07-09,23700.0,22750.0,23550.0,23000.0,198176.0,21672.5
2010-07-12,23350.0,22600.0,23300.0,23000.0,236924.0,21672.5
2010-07-13,23450.0,22800.0,23100.0,23200.0,135390.0,21860.955078125
2010-07-14,23500.0,22950.0,23300.0,23500.0,156598.0,22143.638671875
2010-07-15,23600.0,22800.0,23600.0,23250.0,133281.0,21908.0703125
2010-07-16,23850.0,23000.0,23250.0,23300.0,150263.0,21955.18359375
2010-07-19,23550.0,23100.0,23250.0,23550.0,107060.0,22190.75390625
2010-07-20,23850.0,23200.0,23450.0,23650.0,121980.0,22284.982421875
2010-07-21,23700.0,23050.0,23650.0,23100.0,173895.0,21766.73046875
2010-07-22,23300.0,22950.0,23100.0,23150.0,122025.0,21813.841796875
2010-07-23,23500.0,22800.0,23350.0,23500.0,72800.0,22143.638671875
2010-07-26,23650.0,23250.0,23650.0,23500.0,45646.0,22143.638671875
2010-07-27,23600.0,22650.0,23550.0,22850.0,136103.0,21531.15625
2010-07-28,23150.0,22650.0,22850.0,23150.0,80950.0,21813.841796875
2010-07-29,23150.0,22850.0,22950.0,23100.0,90302.0,21766.73046875
2010-07-30,23200.0,22800.0,23200.0,23100.0,59781.0,21766.73046875
2010-08-02,23200.0,22900.0,23100.0,23200.0,53394.0,21860.955078125
2010-08-03,23250.0,22700.0,23200.0,22900.0,119525.0,21578.271484375
2010-08-04,22950.0,22300.0,22950.0,22900.0,134339.0,21578.271484375
2010-08-05,22900.0,22100.0,22900.0,22300.0,179018.0,21012.900390625
2010-08-06,22150.0,21600.0,22150.0,22050.0,172411.0,20777.33203125
2010-08-09,22300.0,21700.0,22050.0,21700.0,136111.0,20447.533203125
2010-08-10,22350.0,21700.0,21800.0,22300.0,104863.0,21012.900390625
2010-08-11,22400.0,21750.0,22350.0,21900.0,92895.0,20635.98828125
2010-08-12,22200.0,21250.0,21600.0,22200.0,116385.0,20918.673828125
2010-08-13,22200.0,21850.0,22150.0,21950.0,50044.0,20683.103515625
2010-08-16,22000.0,21500.0,21850.0,21700.0,58929.0,20447.533203125
2010-08-17,21700.0,21150.0,21600.0,21300.0,246630.0,20070.62109375
2010-08-18,21900.0,20900.0,21300.0,21850.0,235421.0,20588.875
2010-08-19,23200.0,21750.0,21850.0,22300.0,511229.0,21012.900390625
2010-08-20,22850.0,22050.0,22300.0,22850.0,208270.0,21531.15625
2010-08-23,23650.0,22850.0,22850.0,23200.0,342725.0,21860.955078125
2010-08-24,24600.0,22850.0,23200.0,24400.0,498867.0,22991.6953125
2010-08-25,24550.0,23600.0,23900.0,23700.0,153763.0,22332.09765625
2010-08-26,24850.0,23850.0,23850.0,24250.0,518336.0,22850.353515625
2010-08-27,24550.0,23800.0,24500.0,24300.0,217274.0,22897.46875
2010-08-30,24500.0,23700.0,24200.0,24000.0,281700.0,22614.779296875
2010-08-31,24900.0,23650.0,24150.0,24650.0,219940.0,23227.265625
2010-09-01,26550.0,24550.0,24550.0,26500.0,662330.0,24970.48828125
2010-09-02,28400.0,26300.0,26650.0,28150.0,495102.0,26525.25390625
2010-09-03,28250.0,26850.0,27900.0,26900.0,371644.0,25347.400390625
2010-09-06,27700.0,26650.0,26800.0,27700.0,166072.0,26101.2265625
2010-09-07,27650.0,26250.0,27650.0,26450.0,221813.0,24923.373046875
2010-09-08,27150.0,26100.0,26850.0,27000.0,199249.0,25441.62890625
2010-09-09,27100.0,26100.0,27100.0,27050.0,183455.0,25488.74609375
2010-09-10,27400.0,26600.0,27100.0,27250.0,75259.0,25677.19921875
2010-09-13,27550.0,26300.0,27550.0,26750.0,119542.0,25206.05859375
2010-09-14,26900.0,26200.0,26800.0,26300.0,154288.0,24782.033203125
2010-09-15,26500.0,25200.0,26200.0,25500.0,257669.0,24028.205078125
2010-09-16,25900.0,24850.0,25500.0,25200.0,150952.0,23745.521484375
2010-09-17,26500.0,25300.0,25400.0,26300.0,217715.0,24782.033203125
2010-09-20,26450.0,25850.0,26300.0,26350.0,122330.0,24829.1484375
2010-09-24,27100.0,26100.0,26400.0,26900.0,141248.0,25347.400390625
2010-09-27,27000.0,26500.0,26900.0,26850.0,89572.0,25300.2890625
2010-09-28,27450.0,26500.0,27450.0,26500.0,155107.0,24970.48828125
2010-09-29,26950.0,26100.0,26500.0,26300.0,114792.0,24782.033203125
2010-09-30,26600.0,26050.0,26500.0,26300.0,48690.0,24782.033203125
2010-10-01,26350.0,25750.0,26350.0,25950.0,119140.0,24452.234375
2010-10-04,26550.0,25300.0,26000.0,25850.0,186221.0,24358.001953125
2010-10-05,26150.0,25050.0,25950.0,25600.0,91567.0,24122.431640625
2010-10-06,25900.0,25300.0,25600.0,25450.0,200783.0,23981.09375
2010-10-07,26750.0,25450.0,25750.0,26300.0,187122.0,24782.033203125
2010-10-08,26900.0,26200.0,26400.0,26800.0,131380.0,25253.17578125
2010-10-11,26950.0,26100.0,26950.0,26450.0,128800.0,24923.373046875
2010-10-12,27150.0,26400.0,26700.0,27050.0,142829.0,25488.74609375
2010-10-13,28950.0,27150.0,27200.0,28950.0,445132.0,27279.080078125
2010-10-14,28950.0,27900.0,28950.0,28500.0,247038.0,26855.052734375
2010-10-15,29450.0,28400.0,28850.0,29000.0,372369.0,27326.197265625
2010-10-18,29000.0,28450.0,29000.0,28600.0,155575.0,26949.28125
2010-10-19,28600.0,28100.0,28500.0,28200.0,255321.0,26572.369140625
2010-10-20,28450.0,27900.0,28050.0,28000.0,243613.0,26383.912109375
2010-10-21,29600.0,28650.0,28800.0,29200.0,222256.0,27514.650390625
2010-10-22,29400.0,28000.0,29100.0,28500.0,153579.0,26855.052734375
2010-10-25,28800.0,27850.0,28800.0,28300.0,197740.0,26666.59765625
2010-10-26,28750.0,28050.0,28500.0,28500.0,176693.0,26855.052734375
2010-10-27,29950.0,28400.0,28500.0,29200.0,171880.0,27514.650390625
2010-10-28,29800.0,29000.0,29300.0,29650.0,123588.0,27938.67578125
2010-10-29,29800.0,28900.0,29500.0,29750.0,106676.0,28032.91015625
2010-11-01,30050.0,29300.0,29350.0,30000.0,145758.0,28268.48046875
2010-11-02,30150.0,29650.0,29700.0,29850.0,56360.0,28127.13671875
2010-11-03,30600.0,29500.0,30100.0,29500.0,104170.0,27797.337890625
2010-11-04,29800.0,29300.0,29800.0,29500.0,152340.0,27797.337890625
2010-11-05,30950.0,29600.0,29800.0,30500.0,162132.0,28739.619140625
2010-11-08,31650.0,30450.0,30800.0,31000.0,132818.0,29210.763671875
2010-11-09,31800.0,30700.0,31050.0,31450.0,338141.0,29634.7890625
2010-11-10,32250.0,30200.0,31700.0,30800.0,304711.0,29022.3046875
2010-11-11,30700.0,30200.0,30700.0,30250.0,95387.0,28504.05078125
2010-11-12,30500.0,29650.0,30450.0,30250.0,130330.0,28504.05078125
2010-11-15,30800.0,29900.0,30600.0,30100.0,71096.0,28362.705078125
2010-11-16,30100.0,29350.0,30100.0,29500.0,52731.0,27797.337890625
2010-11-17,30350.0,29550.0,29550.0,30150.0,104171.0,28409.818359375
2010-11-18,30850.0,30150.0,30150.0,30500.0,92644.0,28739.619140625
2010-11-19,31050.0,30300.0,31050.0,30400.0,71860.0,28645.390625
2010-11-22,30300.0,29300.0,30200.0,30000.0,156661.0,28268.48046875
2010-11-23,29750.0,29300.0,29700.0,29500.0,224341.0,27797.337890625
2010-11-24,29700.0,28300.0,28500.0,29500.0,130509.0,27797.337890625
2010-11-25,29700.0,29050.0,29450.0,29200.0,26904.0,27514.650390625
2010-11-26,29900.0,28900.0,29050.0,29150.0,35191.0,27467.5390625
2010-11-29,29600.0,29100.0,29200.0,29600.0,33813.0,27891.564453125
2010-11-30,31000.0,29400.0,29700.0,31000.0,73170.0,29210.763671875
2010-12-01,31050.0,30450.0,30950.0,30800.0,31420.0,29022.3046875
2010-12-02,31200.0,30200.0,31200.0,30350.0,64779.0,28598.27734375
2010-12-03,30450.0,29200.0,30450.0,29500.0,99196.0,27797.337890625
2010-12-06,29900.0,28700.0,29400.0,29050.0,110947.0,27373.30859375
2010-12-07,30250.0,28950.0,29450.0,30250.0,119684.0,28504.05078125
2010-12-08,30300.0,29450.0,30100.0,29650.0,71293.0,27938.67578125
2010-12-09,30600.0,29650.0,29900.0,29650.0,67241.0,27938.67578125
2010-12-10,29950.0,29000.0,29700.0,29150.0,79422.0,27467.5390625
2010-12-13,29350.0,28350.0,29350.0,29000.0,162731.0,27326.197265625
2010-12-14,29300.0,28600.0,28950.0,28800.0,48983.0,27137.73828125
2010-12-15,29350.0,28500.0,28800.0,29350.0,88342.0,27655.99609375
2010-12-16,29150.0,28100.0,28900.0,28350.0,297298.0,26713.7109375
2010-12-17,28500.0,27200.0,28400.0,27300.0,198512.0,25724.31640625
2010-12-20,27100.0,26150.0,27050.0,26700.0,229714.0,25158.943359375
2010-12-21,27300.0,26600.0,26750.0,26700.0,224315.0,25158.943359375
2010-12-22,27200.0,26350.0,26550.0,26900.0,97689.0,25347.400390625
2010-12-23,27900.0,27000.0,27000.0,27700.0,121023.0,26101.2265625
2010-12-24,28050.0,27450.0,28000.0,27800.0,89461.0,26195.458984375
2010-12-27,28200.0,27350.0,28100.0,27400.0,96141.0,25818.544921875
2010-12-28,27600.0,27150.0,27450.0,27300.0,51626.0,25724.31640625
2010-12-29,28050.0,27400.0,27400.0,28000.0,33431.0,26627.7578125
2010-12-30,28100.0,27350.0,28100.0,28000.0,87400.0,26627.7578125
2011-01-03,28000.0,27600.0,27600.0,27900.0,51822.0,26532.66015625
2011-01-04,28000.0,27500.0,28000.0,27650.0,70474.0,26294.91015625
2011-01-05,27750.0,27000.0,27650.0,27050.0,113429.0,25724.31640625
2011-01-06,27450.0,25850.0,27300.0,26700.0,284109.0,25391.466796875
2011-01-07,26900.0,26200.0,26900.0,26700.0,196441.0,25391.466796875
2011-01-10,28700.0,26750.0,26750.0,28250.0,361279.0,26865.50390625
2011-01-11,28200.0,27600.0,28150.0,27650.0,132449.0,26294.91015625
2011-01-12,28050.0,27700.0,27800.0,27800.0,109401.0,26437.560546875
2011-01-13,28850.0,27800.0,27850.0,28700.0,230476.0,27293.451171875
2011-01-14,29200.0,28100.0,28900.0,28250.0,222748.0,26865.50390625
2011-01-17,28550.0,26800.0,28550.0,26800.0,138200.0,25486.568359375
2011-01-18,26950.0,26100.0,26700.0,26250.0,149004.0,24963.521484375
2011-01-19,26500.0,25500.0,26400.0,25750.0,138242.0,24488.02734375
2011-01-20,25950.0,25150.0,25850.0,25450.0,158958.0,24202.73046875
2011-01-21,25550.0,24050.0,25500.0,24100.0,259509.0,22918.888671875
2011-01-24,25900.0,23900.0,24100.0,25550.0,271538.0,24297.830078125
2011-01-25,26000.0,25200.0,25350.0,25900.0,139891.0,24630.67578125
2011-01-26,26250.0,25000.0,25650.0,25600.0,110954.0,24345.376953125
2011-01-27,25800.0,24950.0,25600.0,25750.0,85444.0,24488.02734375
2011-01-28,26200.0,25500.0,25500.0,25700.0,104058.0,24440.4765625
2011-01-31,25950.0,25100.0,25400.0,25750.0,73525.0,24488.02734375
2011-02-01,25750.0,24550.0,25400.0,24850.0,172840.0,23632.1328125
2011-02-07,25600.0,24800.0,25000.0,25050.0,79960.0,23822.330078125
2011-02-08,26100.0,25050.0,25050.0,25950.0,117862.0,24678.224609375
2011-02-09,26100.0,25700.0,25900.0,26050.0,72664.0,24773.326171875
2011-02-10,26250.0,25050.0,25950.0,25050.0,61329.0,23822.330078125
2011-02-11,25350.0,24650.0,25050.0,25000.0,43423.0,23774.783203125
2011-02-14,25400.0,24850.0,25100.0,25200.0,47744.0,23964.98046875
2011-02-15,25350.0,24850.0,25200.0,25150.0,44583.0,23917.431640625
2011-02-16,25000.0,24700.0,24850.0,24700.0,49985.0,23489.486328125
2011-02-17,24700.0,23550.0,24700.0,23800.0,86492.0,22633.591796875
2011-02-18,24650.0,23650.0,23650.0,24100.0,85894.0,22918.888671875
2011-02-21,24750.0,23900.0,24250.0,24350.0,65422.0,23156.638671875
2011-02-22,24900.0,24250.0,24350.0,24650.0,138341.0,23441.935546875
2011-02-23,24750.0,24150.0,24700.0,24200.0,45538.0,23013.990234375
2011-02-24,24900.0,23900.0,24300.0,24800.0,52488.0,23584.5859375
2011-02-25,25100.0,24650.0,24900.0,24800.0,74624.0,23584.5859375
2011-02-28,25100.0,24150.0,24550.0,24500.0,27999.0,23299.2890625
2011-03-02,24600.0,24100.0,24500.0,24550.0,53886.0,23346.837890625
2011-03-03,24800.0,24300.0,24550.0,24650.0,61874.0,23441.935546875
2011-03-04,25150.0,24550.0,24550.0,25000.0,39200.0,23774.783203125
2011-03-07,25300.0,24750.0,24950.0,25000.0,31414.0,23774.783203125
2011-03-08,25700.0,25000.0,25000.0,25100.0,72433.0,23869.8828125
2011-03-09,26400.0,25150.0,25300.0,26400.0,219237.0,25106.171875
2011-03-10,26850.0,26050.0,26400.0,26350.0,108481.0,25058.62109375
2011-03-11,27000.0,25800.0,26200.0,26550.0,89405.0,25248.8203125
2011-03-14,26700.0,25800.0,26100.0,26450.0,55714.0,25153.71875
2011-03-15,26650.0,25000.0,26450.0,25650.0,54952.0,24392.927734375
2011-03-16,25950.0,24650.0,25650.0,25000.0,80485.0,23774.783203125
2011-03-17,24850.0,24200.0,24500.0,24400.0,72314.0,23204.189453125
2011-03-18,25100.0,24050.0,24400.0,24700.0,99185.0,23489.486328125
2011-03-21,25100.0,24450.0,25100.0,24550.0,42431.0,23346.837890625
2011-03-22,25700.0,24600.0,24750.0,25700.0,63851.0,24440.4765625
2011-03-23,26100.0,25300.0,25750.0,26000.0,46811.0,24725.7734375
2011-03-24,26100.0,25500.0,25600.0,25800.0,66664.0,24535.57421875
2011-03-25,25950.0,25100.0,25950.0,25100.0,61303.0,23869.8828125
2011-03-28,25300.0,24500.0,25100.0,25100.0,50852.0,23869.8828125
2011-03-29,26050.0,25100.0,25450.0,26000.0,85874.0,24725.7734375
2011-03-30,26650.0,26000.0,26150.0,26500.0,79252.0,25201.271484375
2011-03-31,26600.0,25900.0,26600.0,25900.0,104453.0,24630.67578125
2011-04-01,27000.0,25900.0,26100.0,26900.0,98921.0,25581.666015625
2011-04-04,28150.0,27300.0,27400.0,27950.0,163687.0,26580.20703125
2011-04-05,28200.0,27250.0,28000.0,27600.0,93155.0,26247.359375
2011-04-06,28500.0,27500.0,27600.0,28300.0,93393.0,26913.0546875
2011-04-07,28500.0,27950.0,28300.0,28500.0,63920.0,27103.251953125
2011-04-08,28850.0,28000.0,28500.0,28800.0,81270.0,27388.548828125
2011-04-11,28800.0,28000.0,28800.0,28000.0,71406.0,26627.7578125
2011-04-12,27900.0,27100.0,27700.0,27100.0,38529.0,25771.865234375
2011-04-13,28700.0,27100.0,27100.0,28700.0,76080.0,27293.451171875
2011-04-14,28800.0,28150.0,28600.0,28700.0,55750.0,27293.451171875
2011-04-15,28550.0,27800.0,28100.0,28300.0,80840.0,26913.0546875
2011-04-18,28300.0,27500.0,28300.0,27550.0,32739.0,26199.810546875
2011-04-19,28100.0,27000.0,27250.0,27100.0,69785.0,25771.865234375
2011-04-20,28000.0,27300.0,27300.0,27700.0,75568.0,26342.458984375
2011-04-21,28000.0,26950.0,28000.0,27300.0,105519.0,25962.064453125
2011-04-22,27750.0,27000.0,27750.0,27300.0,78814.0,25962.064453125
2011-04-25,28850.0,27850.0,27900.0,28700.0,192611.0,27293.451171875
2011-04-26,29150.0,28250.0,29150.0,28800.0,95610.0,27388.548828125
2011-04-27,28950.0,28300.0,28800.0,28400.0,97470.0,27008.15234375
2011-04-28,28750.0,27950.0,28750.0,28600.0,80450.0,27198.3515625
2011-04-29,28950.0,27850.0,28650.0,27950.0,104944.0,26580.20703125
2011-05-02,28300.0,27600.0,27800.0,27650.0,82070.0,26294.91015625
2011-05-03,28900.0,27700.0,27700.0,28800.0,133066.0,27388.548828125
2011-05-04,29900.0,28600.0,28800.0,29700.0,201651.0,28244.44140625
2011-05-06,30450.0,29500.0,29700.0,30000.0,180071.0,28529.740234375
2011-05-09,30500.0,29250.0,30100.0,29300.0,71369.0,27864.048828125
2011-05-11,29700.0,29050.0,29150.0,29500.0,66212.0,28054.244140625
2011-05-12,29500.0,29000.0,29500.0,29000.0,43623.0,27578.75
2011-05-13,29950.0,28700.0,29200.0,29950.0,93356.0,28482.189453125
2011-05-16,30300.0,29300.0,30200.0,30000.0,57818.0,28529.740234375
2011-05-17,29850.0,29350.0,29850.0,29450.0,50782.0,28006.6953125
2011-05-18,30000.0,29300.0,29550.0,30000.0,56379.0,28529.740234375
2011-05-19,30150.0,28800.0,30150.0,28800.0,70318.0,27388.548828125
2011-05-20,29350.0,28300.0,28650.0,28900.0,58643.0,27483.6484375
2011-05-23,29500.0,28250.0,29000.0,28250.0,54191.0,26865.50390625
2011-05-24,29250.0,28250.0,28250.0,28750.0,52701.0,27341.001953125
2011-05-25,29200.0,28050.0,29000.0,28800.0,37578.0,27388.548828125
2011-05-26,29400.0,28400.0,29000.0,28950.0,30540.0,27531.197265625
2011-05-27,29300.0,28700.0,29300.0,29100.0,34380.0,27673.849609375
2011-05-30,29450.0,28600.0,29400.0,29150.0,47666.0,27721.3984375
2011-05-31,29500.0,27800.0,29200.0,29500.0,117481.0,28054.244140625
2011-06-01,29500.0,28350.0,29450.0,28900.0,104982.0,27483.6484375
2011-06-02,28850.0,28150.0,28600.0,28750.0,58291.0,27341.001953125
2011-06-03,29300.0,28300.0,28550.0,29150.0,47800.0,27721.3984375
2011-06-07,29350.0,28700.0,29000.0,29300.0,23084.0,27864.048828125
2011-06-08,29300.0,28950.0,29300.0,29000.0,22790.0,27578.75
2011-06-09,29150.0,28550.0,28950.0,29100.0,121755.0,27673.849609375
2011-06-10,29250.0,28750.0,29200.0,28800.0,66954.0,27388.548828125
2011-06-13,29600.0,28600.0,28750.0,29350.0,73019.0,27911.595703125
2011-06-14,29550.0,29000.0,29400.0,29550.0,36611.0,28101.79296875
2011-06-15,30000.0,29350.0,29350.0,29700.0,47012.0,28244.44140625
2011-06-16,29700.0,28950.0,29250.0,29600.0,36970.0,28149.34375
2011-06-17,29900.0,28900.0,29900.0,29350.0,85078.0,27911.595703125
2011-06-20,29650.0,28800.0,29300.0,28800.0,47023.0,27388.548828125
2011-06-21,29400.0,28800.0,29000.0,29400.0,28036.0,27959.142578125
2011-06-22,29850.0,29100.0,29500.0,29850.0,31221.0,28387.091796875
2011-06-23,30050.0,29450.0,30000.0,29850.0,39390.0,28387.091796875
2011-06-24,29900.0,29450.0,29550.0,29600.0,29831.0,28149.34375
2011-06-27,29650.0,29000.0,29650.0,29400.0,47514.0,27959.142578125
2011-06-28,29850.0,29200.0,29400.0,29400.0,46360.0,27959.142578125
2011-06-29,29800.0,29150.0,29800.0,29150.0,54080.0,27721.3984375
2011-06-30,29650.0,29100.0,29400.0,29650.0,89686.0,28196.896484375
2011-07-01,29750.0,28800.0,29700.0,28800.0,83424.0,27388.548828125
2011-07-04,29100.0,27800.0,28950.0,27800.0,149523.0,26437.560546875
2011-07-05,28200.0,27550.0,27800.0,27650.0,180049.0,26294.91015625
2011-07-06,27750.0,27400.0,27750.0,27450.0,70180.0,26104.712890625
2011-07-07,27900.0,27350.0,27450.0,27750.0,72751.0,26390.009765625
2011-07-08,28200.0,27350.0,27800.0,28200.0,172969.0,26817.95703125
2011-07-11,28500.0,28050.0,28400.0,28250.0,100805.0,26865.50390625
2011-07-12,28100.0,27200.0,27850.0,28000.0,152790.0,26627.7578125
2011-07-13,28500.0,27400.0,28250.0,28450.0,142000.0,27055.703125
2011-07-14,29450.0,27800.0,27900.0,29400.0,124260.0,27959.142578125
2011-07-15,29850.0,29000.0,29350.0,29700.0,94685.0,28244.44140625
2011-07-18,30550.0,29450.0,29450.0,30450.0,135539.0,28957.6875
2011-07-19,30850.0,30100.0,30100.0,30600.0,87606.0,29100.3359375
2011-07-20,31600.0,30600.0,31000.0,31150.0,175176.0,29623.380859375
2011-07-21,31400.0,30750.0,30800.0,30900.0,56123.0,29385.630859375
2011-07-22,31450.0,30350.0,30850.0,31450.0,99706.0,29908.67578125
2011-07-25,32000.0,30950.0,31050.0,32000.0,67370.0,30431.72265625
2011-07-26,32300.0,31200.0,31700.0,32000.0,62246.0,30431.72265625
2011-07-27,32200.0,30950.0,32200.0,31500.0,106415.0,29956.228515625
2011-07-28,31500.0,30800.0,31050.0,31500.0,50936.0,29956.228515625
2011-07-29,31650.0,30800.0,31300.0,31300.0,50045.0,29766.029296875
2011-08-01,31350.0,30700.0,31350.0,30700.0,64548.0,29195.43359375
2011-08-02,31000.0,29950.0,30600.0,30350.0,51772.0,28862.5859375
2011-08-03,31250.0,29700.0,29900.0,30900.0,46221.0,29385.630859375
2011-08-04,31450.0,30600.0,30900.0,30650.0,51918.0,29147.884765625
2011-08-05,30500.0,29300.0,30300.0,30200.0,59269.0,28719.939453125
2011-08-08,29950.0,26150.0,29950.0,28500.0,234114.0,27103.251953125
2011-08-09,28400.0,24500.0,28400.0,27000.0,149523.0,25676.765625
2011-08-10,28650.0,26050.0,27850.0,26500.0,150858.0,25201.271484375
2011-08-11,26850.0,25500.0,25900.0,26750.0,171942.0,25439.017578125
2011-08-12,27500.0,26050.0,27500.0,26150.0,131424.0,24868.419921875
2011-08-16,28600.0,26700.0,27000.0,28600.0,105865.0,27198.3515625
2011-08-17,28850.0,27800.0,28000.0,28650.0,40882.0,27245.90234375
2011-08-18,30850.0,28450.0,28450.0,29900.0,145705.0,28434.640625
2011-08-19,30400.0,28500.0,29300.0,29600.0,154319.0,28149.34375
2011-08-22,29900.0,26050.0,29650.0,26050.0,140578.0,24773.326171875
2011-08-23,26700.0,25500.0,26500.0,26250.0,114318.0,24963.521484375
2011-08-24,28600.0,26200.0,26500.0,28200.0,132454.0,26817.95703125
2011-08-25,28500.0,26300.0,27700.0,26700.0,201973.0,25391.466796875
2011-08-26,27000.0,26050.0,26550.0,26300.0,69060.0,25011.072265625
2011-08-29,26800.0,26200.0,26500.0,26600.0,73620.0,25296.369140625
2011-08-30,27700.0,26450.0,26500.0,26900.0,154677.0,25581.666015625
2011-08-31,28550.0,26600.0,27000.0,28150.0,115295.0,26770.404296875
2011-09-01,27950.0,26400.0,27800.0,26750.0,186834.0,25439.017578125
2011-09-02,27550.0,26500.0,26700.0,27050.0,111118.0,25724.31640625
2011-09-05,27550.0,26600.0,26800.0,27200.0,63752.0,25866.96484375
2011-09-06,27200.0,25750.0,27200.0,26700.0,135904.0,25391.466796875
2011-09-07,27700.0,26700.0,27350.0,26900.0,95026.0,25581.666015625
2011-09-08,27350.0,26400.0,27300.0,26800.0,86873.0,25486.568359375
2011-09-09,27700.0,25850.0,26700.0,26800.0,139332.0,25486.568359375
2011-09-14,27000.0,26250.0,27000.0,26250.0,35065.0,24963.521484375
2011-09-15,26700.0,25500.0,26400.0,26500.0,62112.0,25201.271484375
2011-09-16,27000.0,26100.0,26850.0,26750.0,116934.0,25439.017578125
2011-09-19,26900.0,26400.0,26750.0,26450.0,34159.0,25153.71875
2011-09-20,26450.0,25900.0,26300.0,26150.0,50031.0,24868.419921875
2011-09-21,26300.0,25750.0,26300.0,26150.0,81878.0,24868.419921875
2011-09-22,26600.0,25800.0,25900.0,26200.0,44062.0,24915.974609375
2011-09-23,26150.0,25300.0,25500.0,26000.0,45251.0,24725.7734375
2011-09-26,25850.0,23650.0,25600.0,23900.0,115012.0,22728.69140625
2011-09-27,25000.0,24200.0,24500.0,24650.0,89613.0,23441.935546875
2011-09-28,24800.0,23650.0,24650.0,23700.0,169194.0,22538.494140625
2011-09-29,23650.0,22600.0,23650.0,23100.0,170428.0,21967.900390625
2011-09-30,24000.0,23150.0,23400.0,23800.0,141091.0,22633.591796875
2011-10-04,22900.0,22100.0,22900.0,22350.0,94524.0,21254.65625
2011-10-05,22400.0,20200.0,22350.0,20900.0,247166.0,19875.71875
2011-10-06,21900.0,21150.0,21250.0,21900.0,114551.0,20826.708984375
2011-10-07,22750.0,21250.0,21250.0,22200.0,158636.0,21112.005859375
2011-10-10,23900.0,23000.0,23300.0,23800.0,151833.0,22633.591796875
2011-10-11,24800.0,24200.0,24450.0,24300.0,93930.0,23109.087890625
2011-10-12,24550.0,23700.0,24050.0,24500.0,119635.0,23299.2890625
2011-10-13,24950.0,24350.0,24700.0,24800.0,77412.0,23584.5859375
2011-10-14,25400.0,24150.0,24450.0,24750.0,51965.0,23537.03515625
2011-10-17,25300.0,24450.0,24800.0,24850.0,50870.0,23632.1328125
2011-10-18,24800.0,23800.0,24800.0,24350.0,95187.0,23156.638671875
2011-10-19,24700.0,24000.0,24350.0,24350.0,85339.0,23156.638671875
2011-10-20,24500.0,23800.0,23800.0,24250.0,69826.0,23061.5390625
2011-10-21,25150.0,24000.0,24200.0,25000.0,62081.0,23774.783203125
2011-10-24,25700.0,24750.0,25550.0,25000.0,40562.0,23774.783203125
2011-10-25,25100.0,23800.0,25100.0,24100.0,71133.0,22918.888671875
2011-10-26,24300.0,23600.0,24000.0,24050.0,44156.0,22871.34375
2011-10-27,25900.0,23800.0,24100.0,25500.0,101267.0,24250.279296875
2011-10-28,26300.0,24900.0,26300.0,25500.0,113195.0,24250.279296875
2011-10-31,26150.0,24600.0,25200.0,25800.0,165971.0,24535.57421875
2011-11-01,25800.0,25000.0,25300.0,25550.0,86873.0,24297.830078125
2011-11-02,25750.0,24750.0,24850.0,25450.0,98902.0,24202.73046875
2011-11-03,26000.0,25300.0,25450.0,26000.0,65327.0,24725.7734375
2011-11-04,26500.0,25800.0,26350.0,26250.0,74706.0,24963.521484375
2011-11-07,26350.0,25500.0,25950.0,25750.0,79591.0,24488.02734375
2011-11-08,26000.0,25400.0,25750.0,25650.0,33641.0,24392.927734375
2011-11-09,26000.0,25250.0,26000.0,25450.0,37359.0,24202.73046875
2011-11-10,25200.0,24550.0,25000.0,24800.0,43437.0,23584.5859375
2011-11-11,25700.0,24650.0,24900.0,25700.0,36339.0,24440.4765625
2011-11-14,26350.0,25600.0,25750.0,26200.0,45546.0,24915.974609375
2011-11-15,26550.0,25850.0,26300.0,26000.0,50301.0,24725.7734375
2011-11-16,26450.0,25550.0,26000.0,25750.0,36161.0,24488.02734375
2011-11-17,25950.0,25300.0,25950.0,25700.0,20370.0,24440.4765625
2011-11-18,25750.0,24950.0,25400.0,25150.0,19690.0,23917.431640625
2011-11-21,25200.0,24700.0,25150.0,24900.0,19150.0,23679.68359375
2011-11-22,24850.0,24550.0,24750.0,24750.0,21455.0,23537.03515625
2011-11-23,25150.0,24550.0,24550.0,24950.0,39131.0,23727.234375
2011-11-24,26300.0,24850.0,25000.0,26150.0,53267.0,24868.419921875
2011-11-25,26150.0,25300.0,26100.0,25300.0,26304.0,24060.08203125
2011-11-28,25850.0,25200.0,25400.0,25450.0,8952.0,24202.73046875
2011-11-29,26100.0,25300.0,25300.0,26050.0,25084.0,24773.326171875
2011-11-30,26200.0,25400.0,26200.0,25900.0,45371.0,24630.67578125
2011-12-01,26400.0,25450.0,26400.0,25650.0,80336.0,24392.927734375
2011-12-02,26000.0,25650.0,25650.0,25950.0,28028.0,24678.224609375
2011-12-05,26550.0,25700.0,25950.0,26250.0,46320.0,24963.521484375
2011-12-06,26550.0,25900.0,26100.0,26300.0,25460.0,25011.072265625
2011-12-07,26600.0,26050.0,26500.0,26600.0,46457.0,25296.369140625
2011-12-08,26750.0,26250.0,26500.0,26350.0,25343.0,25058.62109375
2011-12-09,26450.0,25750.0,26450.0,25750.0,48824.0,24488.02734375
2011-12-12,26400.0,25550.0,26050.0,26300.0,77230.0,25011.072265625
2011-12-13,26350.0,25850.0,26200.0,25900.0,45851.0,24630.67578125
2011-12-14,26600.0,25700.0,25700.0,26200.0,38990.0,24915.974609375
2011-12-15,26850.0,25900.0,26200.0,26850.0,79746.0,25534.1171875
2011-12-16,26950.0,25900.0,26850.0,25900.0,73340.0,24630.67578125
2011-12-19,26250.0,24550.0,26050.0,25200.0,80541.0,23964.98046875
2011-12-20,26050.0,25250.0,25250.0,25650.0,59690.0,24392.927734375
2011-12-21,26250.0,25850.0,26100.0,26150.0,31100.0,24868.419921875
2011-12-22,26950.0,26150.0,26300.0,26400.0,46960.0,25106.171875
2011-12-23,26800.0,26300.0,26600.0,26600.0,36430.0,25296.369140625
2011-12-26,26700.0,26350.0,26500.0,26400.0,24805.0,25106.171875
2011-12-27,26550.0,25950.0,26150.0,26350.0,26920.0,25058.62109375
2011-12-28,26500.0,25700.0,25850.0,26500.0,14510.0,25491.49609375
2011-12-29,26700.0,26000.0,26500.0,26650.0,40614.0,25635.78515625
2012-01-02,26700.0,26200.0,26650.0,26650.0,30396.0,25635.78515625
2012-01-03,27000.0,26500.0,26800.0,26800.0,86840.0,25780.078125
2012-01-04,27750.0,26850.0,27100.0,27650.0,109961.0,26597.732421875
2012-01-05,27850.0,27550.0,27750.0,27700.0,90480.0,26645.830078125
2012-01-06,27600.0,27000.0,27600.0,27500.0,29881.0,26453.439453125
2012-01-09,27650.0,26550.0,27650.0,26700.0,44432.0,25683.8828125
2012-01-10,27000.0,26500.0,26750.0,26900.0,47560.0,25876.275390625
2012-01-11,26900.0,25600.0,26900.0,26200.0,196936.0,25202.912109375
2012-01-12,26550.0,25850.0,25900.0,26000.0,97241.0,25010.5234375
2012-01-13,26350.0,25700.0,26000.0,26100.0,96663.0,25106.71875
2012-01-16,26050.0,25150.0,26050.0,25950.0,99418.0,24962.427734375
2012-01-17,26050.0,25400.0,25950.0,25700.0,148717.0,24721.943359375
2012-01-18,26050.0,25700.0,25900.0,25900.0,36767.0,24914.328125
2012-01-19,26150.0,24800.0,26100.0,25000.0,237855.0,24048.580078125
2012-01-20,25300.0,24950.0,25100.0,25300.0,60950.0,24337.1640625
2012-01-25,25350.0,24950.0,25250.0,25050.0,50328.0,24096.677734375
2012-01-26,25200.0,24900.0,24900.0,25100.0,58325.0,24144.775390625
2012-01-27,25200.0,24900.0,25200.0,25050.0,67917.0,24096.677734375
2012-01-30,25100.0,24750.0,25100.0,24900.0,41104.0,23952.384765625
2012-01-31,25450.0,24850.0,24850.0,25300.0,44935.0,24337.1640625
2012-02-01,25350.0,25150.0,25350.0,25250.0,53040.0,24289.06640625
2012-02-02,25400.0,24650.0,25350.0,25100.0,132585.0,24144.775390625
2012-02-03,25850.0,24850.0,25100.0,25850.0,72709.0,24866.232421875
2012-02-06,26350.0,25850.0,26100.0,25850.0,111210.0,24866.232421875
2012-02-07,26150.0,25650.0,26100.0,26100.0,53340.0,25106.71875
2012-02-08,26200.0,25800.0,26200.0,26050.0,90655.0,25058.62109375
2012-02-09,26300.0,25750.0,26200.0,26050.0,66632.0,25058.62109375
2012-02-10,26050.0,25550.0,25950.0,25900.0,71287.0,24914.328125
2012-02-13,25900.0,25300.0,25900.0,25900.0,83140.0,24914.328125
2012-02-14,25650.0,25250.0,25650.0,25300.0,101929.0,24337.1640625
2012-02-15,25450.0,25100.0,25450.0,25150.0,84141.0,24192.873046875
2012-02-16,25350.0,25000.0,25150.0,25100.0,47598.0,24144.775390625
2012-02-17,25400.0,25100.0,25150.0,25250.0,34033.0,24289.06640625
2012-02-20,25500.0,25200.0,25300.0,25400.0,49591.0,24433.357421875
2012-02-21,25600.0,25150.0,25500.0,25600.0,49185.0,24625.748046875
2012-02-22,25850.0,25500.0,25600.0,25850.0,52336.0,24866.232421875
2012-02-23,26750.0,25650.0,25850.0,26600.0,98200.0,25587.69140625
2012-02-24,26600.0,26300.0,26450.0,26400.0,65140.0,25395.302734375
2012-02-27,26400.0,25750.0,26400.0,26000.0,43745.0,25010.5234375
2012-02-28,26250.0,25550.0,26100.0,25850.0,37401.0,24866.232421875
2012-02-29,26050.0,25350.0,26000.0,25700.0,86166.0,24721.943359375
2012-03-02,26600.0,25700.0,25900.0,26400.0,72895.0,25395.302734375
2012-03-05,27350.0,26600.0,26700.0,27100.0,127022.0,26068.6640625
2012-03-06,27450.0,27000.0,27100.0,27300.0,94160.0,26261.048828125
2012-03-07,27450.0,26600.0,27400.0,26600.0,92818.0,25587.69140625
2012-03-08,27900.0,26750.0,26800.0,27900.0,113369.0,26838.21484375
2012-03-09,28050.0,27550.0,27900.0,27700.0,37330.0,26645.830078125
2012-03-12,28000.0,27300.0,27650.0,27950.0,57700.0,26886.3125
2012-03-13,28050.0,27600.0,27800.0,27950.0,71608.0,26886.3125
2012-03-14,28000.0,27300.0,27700.0,27350.0,91536.0,26309.146484375
2012-03-15,27450.0,26750.0,27300.0,27150.0,71294.0,26116.7578125
2012-03-16,27300.0,26750.0,27200.0,27100.0,67220.0,26068.6640625
2012-03-19,27000.0,26650.0,27000.0,26650.0,43275.0,25635.78515625
2012-03-20,26900.0,26150.0,26900.0,26500.0,57508.0,25491.49609375
2012-03-21,26600.0,26050.0,26500.0,26600.0,43590.0,25587.69140625
2012-03-22,26600.0,25800.0,26600.0,26500.0,80550.0,25491.49609375
2012-03-23,26700.0,26100.0,26250.0,26700.0,53865.0,25683.8828125
2012-03-26,26700.0,25650.0,26500.0,25850.0,81515.0,24866.232421875
2012-03-27,25950.0,25400.0,25850.0,25900.0,101801.0,24914.328125
2012-03-28,26100.0,25600.0,25700.0,26050.0,79590.0,25058.62109375
2012-03-29,26650.0,25900.0,26000.0,26650.0,56631.0,25635.78515625
2012-03-30,26700.0,26200.0,26650.0,26500.0,20559.0,25491.49609375
2012-04-02,27050.0,26350.0,26350.0,26900.0,43721.0,25876.275390625
2012-04-03,27100.0,26500.0,27000.0,26650.0,47731.0,25635.78515625
2012-04-04,26800.0,26000.0,26750.0,26150.0,30699.0,25154.81640625
2012-04-05,26800.0,25700.0,26450.0,26800.0,68565.0,25780.078125
2012-04-06,26900.0,26250.0,26800.0,26300.0,38062.0,25299.109375
2012-04-09,26800.0,25200.0,25200.0,26500.0,74320.0,25491.49609375
2012-04-10,26950.0,26350.0,26350.0,26950.0,37320.0,25924.37109375
2012-04-12,27000.0,26550.0,26950.0,26900.0,19541.0,25876.275390625
2012-04-13,27050.0,26600.0,26600.0,26700.0,11480.0,25683.8828125
2012-04-16,26950.0,26050.0,26950.0,26350.0,28801.0,25347.205078125
2012-04-17,26300.0,25600.0,26150.0,25600.0,36451.0,24625.748046875
2012-04-18,25900.0,25400.0,25900.0,25500.0,54031.0,24529.552734375
2012-04-19,26150.0,25300.0,25650.0,26000.0,41900.0,25010.5234375
2012-04-20,26000.0,25350.0,25700.0,25850.0,38485.0,24866.232421875
2012-04-23,26050.0,25550.0,25700.0,25600.0,39026.0,24625.748046875
2012-04-24,25650.0,25350.0,25600.0,25500.0,22720.0,24529.552734375
2012-04-25,25800.0,25350.0,25500.0,25600.0,32530.0,24625.748046875
2012-04-26,26000.0,25700.0,25800.0,26000.0,34840.0,25010.5234375
2012-04-27,26200.0,25800.0,26200.0,26100.0,16558.0,25106.71875
2012-04-30,26650.0,25800.0,26000.0,26550.0,40460.0,25539.59375
2012-05-02,27400.0,26300.0,26650.0,27250.0,73562.0,26212.955078125
2012-05-03,27350.0,26750.0,27300.0,27200.0,74760.0,26164.857421875
2012-05-04,27650.0,27200.0,27300.0,27400.0,76134.0,26357.244140625
2012-05-07,27400.0,27100.0,27350.0,27400.0,40651.0,26357.244140625
2012-05-08,27850.0,27350.0,27600.0,27800.0,76850.0,26742.021484375
2012-05-09,27800.0,27200.0,27800.0,27700.0,49933.0,26645.830078125
2012-05-10,27850.0,27300.0,27300.0,27750.0,28700.0,26693.92578125
2012-05-11,27800.0,26800.0,27650.0,27600.0,86662.0,26549.634765625
2012-05-14,27650.0,26900.0,27550.0,27350.0,49075.0,26309.146484375
2012-05-15,27150.0,26600.0,26850.0,26700.0,49231.0,25683.8828125
2012-05-16,27000.0,25750.0,26700.0,25750.0,51770.0,24770.0390625
2012-05-17,26350.0,25050.0,25750.0,25900.0,84209.0,24914.328125
2012-05-18,26200.0,24200.0,26200.0,24500.0,115397.0,23567.609375
2012-05-21,25200.0,24400.0,25200.0,24700.0,42692.0,23760.0
2012-05-22,25850.0,24850.0,25100.0,25250.0,78210.0,24289.06640625
2012-05-23,25900.0,25100.0,25250.0,25450.0,52270.0,24481.45703125
2012-05-24,25850.0,25100.0,25600.0,25100.0,35229.0,24144.775390625
2012-05-25,25600.0,25150.0,25300.0,25300.0,26600.0,24337.1640625
2012-05-29,25600.0,25250.0,25500.0,25550.0,34200.0,24577.650390625
2012-05-30,25750.0,25300.0,25600.0,25500.0,30943.0,24529.552734375
2012-05-31,25900.0,25350.0,25500.0,25750.0,23084.0,24770.0390625
2012-06-01,26250.0,25500.0,25750.0,25900.0,29231.0,24914.328125
2012-06-04,25650.0,25050.0,25350.0,25200.0,37660.0,24240.97265625
2012-06-05,26400.0,25400.0,25400.0,26350.0,39750.0,25347.205078125
2012-06-07,26600.0,26100.0,26500.0,26100.0,29774.0,25106.71875
2012-06-08,26450.0,25850.0,26100.0,26200.0,20650.0,25202.912109375
2012-06-11,26450.0,26050.0,26450.0,26200.0,50655.0,25202.912109375
2012-06-12,26150.0,25750.0,26150.0,25850.0,29951.0,24866.232421875
2012-06-13,26250.0,25300.0,25850.0,25350.0,47882.0,24385.26171875
2012-06-14,25450.0,24900.0,25100.0,25300.0,48876.0,24337.1640625
2012-06-15,25600.0,25050.0,25300.0,25600.0,64408.0,24625.748046875
2012-06-18,25800.0,25200.0,25650.0,25650.0,60272.0,24673.845703125
2012-06-19,25950.0,25450.0,25450.0,25500.0,44373.0,24529.552734375
2012-06-20,26000.0,25750.0,26000.0,25950.0,31741.0,24962.427734375
2012-06-21,26200.0,25700.0,25900.0,26050.0,73571.0,25058.62109375
2012-06-22,26700.0,25600.0,25750.0,26700.0,54338.0,25683.8828125
2012-06-25,27300.0,26400.0,26700.0,27000.0,86771.0,25972.46875
2012-06-26,27200.0,26450.0,26600.0,27150.0,64940.0,26116.7578125
2012-06-27,27100.0,26450.0,26900.0,26550.0,30476.0,25539.59375
2012-06-28,26950.0,26250.0,26550.0,26400.0,46167.0,25395.302734375
2012-06-29,26250.0,25650.0,26150.0,25950.0,116869.0,24962.427734375
2012-07-02,26350.0,25950.0,26300.0,26150.0,153026.0,25154.81640625
2012-07-03,26150.0,25300.0,26050.0,25500.0,77904.0,24529.552734375
2012-07-04,25750.0,25100.0,25500.0,25500.0,117203.0,24529.552734375
2012-07-05,25950.0,25450.0,25450.0,25950.0,53891.0,24962.427734375
2012-07-06,25950.0,25450.0,25800.0,25850.0,74025.0,24866.232421875
2012-07-09,25900.0,25500.0,25800.0,25900.0,41890.0,24914.328125
2012-07-10,25850.0,25350.0,25650.0,25500.0,66415.0,24529.552734375
2012-07-11,25750.0,25150.0,25150.0,25650.0,30868.0,24673.845703125
2012-07-12,25800.0,25350.0,25650.0,25550.0,60130.0,24577.650390625
2012-07-13,25850.0,25200.0,25500.0,25750.0,39844.0,24770.0390625
2012-07-16,26150.0,25500.0,25750.0,26100.0,30992.0,25106.71875
2012-07-17,26200.0,25850.0,26100.0,26200.0,35501.0,25202.912109375
2012-07-18,26200.0,25750.0,26150.0,25750.0,37841.0,24770.0390625
2012-07-19,25950.0,25600.0,25900.0,25800.0,39053.0,24818.13671875
2012-07-20,26300.0,25500.0,25900.0,26250.0,44510.0,25251.01171875
2012-07-23,26600.0,25900.0,26150.0,26500.0,43820.0,25491.49609375
2012-07-24,26650.0,26300.0,26500.0,26650.0,63600.0,25635.78515625
2012-07-25,26600.0,25900.0,26250.0,25900.0,63425.0,24914.328125
2012-07-26,26400.0,25900.0,25950.0,26200.0,43486.0,25202.912109375
2012-07-27,26950.0,25950.0,26950.0,26200.0,75358.0,25202.912109375
2012-07-30,26450.0,25850.0,26350.0,26150.0,72411.0,25154.81640625
2012-07-31,26250.0,25800.0,26150.0,26050.0,37551.0,25058.62109375
2012-08-01,26150.0,25700.0,26150.0,26100.0,56351.0,25106.71875
2012-08-02,26050.0,25650.0,25950.0,25800.0,53012.0,24818.13671875
2012-08-03,26100.0,25550.0,25650.0,25700.0,36130.0,24721.943359375
2012-08-06,26250.0,25400.0,25900.0,26250.0,93910.0,25251.01171875
2012-08-07,26450.0,26000.0,26000.0,26400.0,45595.0,25395.302734375
2012-08-08,26700.0,26250.0,26400.0,26500.0,64847.0,25491.49609375
2012-08-09,26750.0,26450.0,26450.0,26750.0,63330.0,25731.98046875
2012-08-10,26850.0,26500.0,26750.0,26700.0,29820.0,25683.8828125
2012-08-13,26900.0,26550.0,26750.0,26700.0,30179.0,25683.8828125
2012-08-14,27000.0,26600.0,26600.0,26850.0,33420.0,25828.177734375
2012-08-16,27200.0,26700.0,27050.0,27000.0,45870.0,25972.46875
2012-08-17,27150.0,26800.0,26850.0,26900.0,38310.0,25876.275390625
2012-08-20,27800.0,26650.0,26650.0,27800.0,112820.0,26742.021484375
2012-08-21,28250.0,27550.0,27800.0,27800.0,143705.0,26742.021484375
2012-08-22,28450.0,27700.0,27700.0,28450.0,104981.0,27367.287109375
2012-08-23,28950.0,28400.0,28700.0,28750.0,108884.0,27655.8671875
2012-08-24,28850.0,28400.0,28850.0,28600.0,28475.0,27511.576171875
2012-08-27,28750.0,28000.0,28600.0,28700.0,61310.0,27607.76953125
2012-08-28,28750.0,28300.0,28750.0,28500.0,35321.0,27415.384765625
2012-08-29,28550.0,27800.0,28450.0,27800.0,82072.0,26742.021484375
2012-08-30,28450.0,27900.0,27900.0,28450.0,59086.0,27367.287109375
2012-08-31,28600.0,28200.0,28200.0,28200.0,48039.0,27126.80078125
2012-09-03,29300.0,28250.0,28250.0,28450.0,77315.0,27367.287109375
2012-09-04,28750.0,27500.0,28550.0,27800.0,99773.0,26742.021484375
2012-09-05,27800.0,27100.0,27800.0,27300.0,108904.0,26261.048828125
2012-09-06,28100.0,27250.0,27250.0,27800.0,188470.0,26742.021484375
2012-09-07,28150.0,27200.0,27750.0,27650.0,163732.0,26597.732421875
2012-09-10,28300.0,27600.0,27800.0,28050.0,93086.0,26982.5078125
2012-09-11,28500.0,27700.0,27850.0,28450.0,96092.0,27367.287109375
2012-09-12,29000.0,28250.0,28550.0,29000.0,67920.0,27896.35546875
2012-09-13,29400.0,28500.0,28900.0,29350.0,91653.0,28233.03515625
2012-09-14,29500.0,28650.0,29500.0,29000.0,116157.0,27896.35546875
2012-09-17,28900.0,27650.0,28750.0,28650.0,237260.0,27559.673828125
2012-09-18,28850.0,28100.0,28600.0,28650.0,82600.0,27559.673828125
2012-09-19,28750.0,28300.0,28450.0,28600.0,47070.0,27511.576171875
2012-09-20,29450.0,28500.0,28500.0,29450.0,105714.0,28329.23046875
2012-09-21,29800.0,29200.0,29500.0,29800.0,79776.0,28665.908203125
2012-09-24,30050.0,29500.0,29900.0,29950.0,78335.0,28810.201171875
2012-09-25,30000.0,29250.0,30000.0,29500.0,50211.0,28377.32421875
2012-09-26,29550.0,28800.0,29500.0,29550.0,67884.0,28425.421875
2012-09-27,29650.0,28700.0,29500.0,29400.0,123760.0,28281.1328125
2012-09-28,29500.0,28750.0,29200.0,28750.0,72605.0,27655.8671875
2012-10-02,29150.0,28500.0,28700.0,28800.0,35631.0,27703.96484375
2012-10-04,29200.0,28600.0,28950.0,29200.0,54773.0,28088.7421875
2012-10-05,29900.0,29100.0,29100.0,29800.0,102961.0,28665.908203125
2012-10-08,30200.0,29350.0,29900.0,29700.0,75701.0,28569.716796875
2012-10-09,30200.0,29500.0,29650.0,29800.0,51770.0,28665.908203125
2012-10-10,29850.0,29150.0,29800.0,29500.0,43530.0,28377.32421875
2012-10-11,30850.0,29200.0,29650.0,30850.0,206056.0,29675.94921875
2012-10-12,31900.0,30450.0,30900.0,31600.0,226355.0,30397.40625
2012-10-15,32600.0,31300.0,31850.0,32000.0,255240.0,30782.185546875
2012-10-16,32300.0,31200.0,32000.0,31800.0,195302.0,30589.794921875
2012-10-17,32400.0,31600.0,32000.0,32150.0,167101.0,30926.4765625
2012-10-18,32850.0,30500.0,32350.0,30800.0,110703.0,29627.8515625
2012-10-19,31400.0,30450.0,30500.0,30900.0,76291.0,29724.044921875
2012-10-22,31800.0,30500.0,30900.0,31650.0,137940.0,30445.501953125
2012-10-23,31900.0,31250.0,31900.0,31500.0,43660.0,30301.212890625
2012-10-24,33400.0,31450.0,31500.0,33400.0,171974.0,32128.90625
2012-10-25,33750.0,32650.0,33400.0,33450.0,111919.0,32177.0
2012-10-26,33650.0,32750.0,33400.0,33200.0,92005.0,31936.517578125
2012-10-29,33950.0,32600.0,33000.0,33200.0,56845.0,31936.517578125
2012-10-30,34050.0,32750.0,33800.0,33450.0,114575.0,32177.0
2012-10-31,34000.0,32700.0,34000.0,33800.0,108931.0,32513.68359375
2012-11-01,34300.0,32500.0,34000.0,33000.0,158690.0,31744.126953125
2012-11-02,33550.0,31750.0,33550.0,31900.0,183499.0,30685.990234375
2012-11-05,32500.0,31550.0,31900.0,32400.0,98909.0,31166.958984375
2012-11-06,33000.0,31950.0,32550.0,32450.0,95323.0,31215.05859375
2012-11-07,33650.0,32300.0,32800.0,33650.0,83966.0,32369.392578125
2012-11-08,34150.0,33100.0,33450.0,34100.0,70094.0,32802.26953125
2012-11-09,34600.0,33550.0,34400.0,34250.0,81599.0,32946.5546875
2012-11-12,35150.0,34000.0,34800.0,34350.0,127075.0,33042.75390625
2012-11-13,34400.0,33800.0,34300.0,33850.0,60104.0,32561.779296875
2012-11-14,34400.0,32850.0,34200.0,33150.0,110935.0,31888.41796875
2012-11-15,33150.0,31650.0,32650.0,32100.0,108715.0,30878.380859375
2012-11-16,33050.0,31900.0,32500.0,32150.0,120011.0,30926.4765625
2012-11-19,32700.0,31950.0,32650.0,32300.0,62364.0,31070.765625
2012-11-20,33450.0,32200.0,32600.0,33100.0,128858.0,31840.32421875
2012-11-21,33400.0,32300.0,33400.0,32300.0,60898.0,31070.765625
2012-11-22,33200.0,32350.0,32500.0,32800.0,72254.0,31551.736328125
2012-11-23,33450.0,32500.0,33000.0,33450.0,82330.0,32177.0
2012-11-26,34050.0,33200.0,33600.0,33700.0,70642.0,32417.486328125
2012-11-27,34000.0,31850.0,33850.0,32750.0,75111.0,31503.642578125
2012-11-28,32750.0,32100.0,32300.0,32450.0,47127.0,31215.05859375
2012-11-29,32800.0,31450.0,32450.0,32050.0,134074.0,30830.279296875
2012-11-30,32900.0,31950.0,31950.0,32600.0,56283.0,31359.353515625
2012-12-03,32800.0,31950.0,32600.0,32750.0,59810.0,31503.642578125
2012-12-04,33550.0,32450.0,32900.0,33550.0,84239.0,32273.19921875
2012-12-05,33650.0,32750.0,33550.0,32850.0,43686.0,31599.8359375
2012-12-06,33050.0,32200.0,33050.0,32500.0,93724.0,31263.15625
2012-12-07,33300.0,31700.0,32150.0,32100.0,86407.0,30878.380859375
2012-12-10,32350.0,31150.0,32350.0,31650.0,81539.0,30445.501953125
2012-12-11,31600.0,29750.0,31500.0,30350.0,189165.0,29194.9765625
2012-12-12,30450.0,29600.0,30000.0,30000.0,227954.0,28858.296875
2012-12-13,30500.0,29950.0,30100.0,29950.0,140281.0,28810.201171875
2012-12-14,30900.0,29900.0,29900.0,30150.0,152233.0,29002.587890625
2012-12-17,30850.0,30450.0,30450.0,30700.0,159976.0,29531.66015625
2012-12-18,31150.0,30300.0,31000.0,30700.0,111192.0,29531.66015625
2012-12-20,30750.0,30250.0,30550.0,30300.0,123895.0,29146.87890625
2012-12-21,30750.0,30100.0,30300.0,30550.0,428951.0,29387.3671875
2012-12-24,31300.0,30400.0,30900.0,31300.0,156982.0,30108.82421875
2012-12-26,32000.0,31050.0,31300.0,31900.0,138476.0,30685.990234375
2012-12-27,32300.0,31350.0,31550.0,31700.0,179178.0,30831.8828125
2012-12-28,32300.0,31900.0,31900.0,32150.0,40065.0,31269.55859375
2013-01-02,32300.0,31850.0,32100.0,32250.0,107971.0,31366.8203125
2013-01-03,32400.0,31600.0,32400.0,32100.0,93721.0,31220.927734375
2013-01-04,32650.0,31750.0,31750.0,32300.0,75139.0,31415.451171875
2013-01-07,33050.0,31950.0,32150.0,32750.0,77081.0,31853.12890625
2013-01-08,32950.0,32350.0,32400.0,32650.0,45639.0,31755.8671875
2013-01-09,32950.0,32300.0,32350.0,32850.0,41958.0,31950.38671875
2013-01-10,32950.0,31950.0,32800.0,32000.0,83158.0,31123.6640625
2013-01-11,33150.0,31950.0,32000.0,33000.0,109738.0,32096.279296875
2013-01-14,34800.0,33000.0,33200.0,34400.0,165595.0,33457.94140625
2013-01-15,35050.0,33700.0,34750.0,33900.0,108759.0,32971.6328125
2013-01-16,34550.0,33750.0,33800.0,34400.0,61053.0,33457.94140625
2013-01-17,35300.0,34450.0,34550.0,34900.0,85850.0,33944.25
2013-01-18,35350.0,34500.0,34600.0,35350.0,74620.0,34381.92578125
2013-01-21,35600.0,34500.0,35400.0,34500.0,49464.0,33555.19921875
2013-01-22,35700.0,34300.0,34300.0,35250.0,78645.0,34284.6640625
2013-01-23,35500.0,34350.0,35350.0,34400.0,52621.0,33457.94140625
2013-01-24,35250.0,33900.0,34550.0,34050.0,53422.0,33117.52734375
2013-01-25,35400.0,33900.0,34350.0,35150.0,113172.0,34187.40234375
2013-01-28,36200.0,35200.0,35250.0,35350.0,108125.0,34381.92578125
2013-01-29,35700.0,34850.0,35650.0,35050.0,53972.0,34090.140625
2013-01-30,35900.0,34850.0,35250.0,35150.0,93410.0,34187.40234375
2013-01-31,36850.0,34950.0,34950.0,36800.0,178156.0,35792.21484375
2013-02-01,37750.0,36500.0,36750.0,37450.0,168190.0,36424.41796875
2013-02-04,38550.0,37850.0,38200.0,38400.0,192816.0,37348.40234375
2013-02-05,39200.0,37750.0,38000.0,38850.0,177491.0,37786.078125
2013-02-06,43000.0,38400.0,38850.0,38950.0,191793.0,37883.3359375
2013-02-07,39150.0,37800.0,39100.0,38250.0,244689.0,37202.5078125
2013-02-08,39350.0,37850.0,38250.0,38300.0,165515.0,37251.140625
2013-02-12,39200.0,38300.0,38700.0,39000.0,126794.0,37931.96484375
2013-02-13,40100.0,38250.0,38800.0,39900.0,207808.0,38807.3203125
2013-02-14,40600.0,39550.0,40600.0,40100.0,149729.0,39001.84765625
2013-02-15,40300.0,39500.0,39750.0,39650.0,106705.0,38564.16796875
2013-02-18,40000.0,39250.0,39650.0,39850.0,78700.0,38758.6875
2013-02-19,40200.0,39150.0,40200.0,39250.0,142833.0,38175.125
2013-02-20,39850.0,39200.0,39300.0,39850.0,113736.0,38758.6875
2013-02-21,39850.0,38200.0,39700.0,38500.0,144716.0,37445.66015625
2013-02-22,39600.0,38250.0,38800.0,39100.0,110016.0,38029.23046875
2013-02-25,41500.0,39500.0,39600.0,41400.0,278378.0,40266.24609375
2013-02-26,41950.0,40450.0,41350.0,41900.0,225222.0,40752.5546875
2013-02-27,42500.0,41100.0,42250.0,41250.0,119084.0,40120.3515625
2013-02-28,42100.0,40950.0,41200.0,42100.0,96323.0,40947.07421875
2013-03-04,43000.0,41400.0,42100.0,42550.0,160125.0,41384.75
2013-03-05,42750.0,42200.0,42750.0,42350.0,83719.0,41190.2265625
2013-03-06,42800.0,41100.0,42800.0,41400.0,109137.0,40266.24609375
2013-03-07,41700.0,40900.0,41250.0,41200.0,63618.0,40071.72265625
2013-03-08,43400.0,41550.0,41600.0,43400.0,174339.0,42211.47265625
2013-03-11,44900.0,43550.0,43650.0,44700.0,394252.0,43475.875
2013-03-12,45400.0,44200.0,45000.0,44250.0,170231.0,43038.1953125
2013-03-13,47400.0,44550.0,45000.0,47000.0,395060.0,45712.88671875
2013-03-14,48050.0,46100.0,46500.0,47800.0,242512.0,46490.98046875
2013-03-15,48450.0,47150.0,47700.0,47800.0,171911.0,46490.98046875
2013-03-18,48600.0,46900.0,47750.0,47500.0,116365.0,46199.1953125
2013-03-19,47900.0,46200.0,47900.0,46450.0,146675.0,45177.94921875
2013-03-20,47050.0,45700.0,46500.0,46700.0,124320.0,45421.1015625
2013-03-21,47600.0,46450.0,46550.0,47350.0,119160.0,46053.30078125
2013-03-22,48750.0,47000.0,47500.0,48700.0,94358.0,47366.328125
2013-03-25,49400.0,48250.0,48750.0,49250.0,185045.0,47901.26953125
2013-03-26,49850.0,48550.0,49300.0,49100.0,134951.0,47755.37890625
2013-03-27,49400.0,47900.0,49400.0,48150.0,81803.0,46831.390625
2013-03-28,50500.0,47800.0,47800.0,50200.0,146946.0,48825.25
2013-03-29,51100.0,49800.0,50600.0,49950.0,131138.0,48582.09765625
2013-04-01,50800.0,48750.0,50000.0,48850.0,93501.0,47512.22265625
2013-04-02,50100.0,49450.0,49450.0,49900.0,115593.0,48533.46875
2013-04-03,50200.0,49150.0,49500.0,50100.0,110291.0,48727.98828125
2013-04-04,50400.0,49050.0,49700.0,49850.0,120702.0,48484.83203125
2013-04-05,51200.0,49000.0,50200.0,49100.0,141597.0,47755.37890625
2013-04-08,49450.0,46800.0,49100.0,47250.0,177339.0,45956.04296875
2013-04-09,48400.0,46600.0,46650.0,48400.0,190742.0,47074.546875
2013-04-10,48400.0,47550.0,47900.0,48000.0,107155.0,46685.49609375
2013-04-11,50400.0,48200.0,48300.0,50000.0,274577.0,48630.73046875
2013-04-12,52200.0,50100.0,50100.0,52100.0,300787.0,50673.21875
2013-04-15,53700.0,51400.0,52200.0,53200.0,160091.0,51743.08984375
2013-04-16,54300.0,52100.0,52500.0,54200.0,137302.0,52715.7109375
2013-04-17,55200.0,53700.0,54000.0,54000.0,130193.0,52521.18359375
2013-04-18,55000.0,52900.0,53800.0,53700.0,135907.0,52229.3984375
2013-04-19,54800.0,52500.0,53700.0,54300.0,70880.0,52812.97265625
2013-04-22,55400.0,53800.0,54000.0,55400.0,114741.0,53882.84765625
2013-04-23,57100.0,54800.0,55900.0,57000.0,136557.0,55439.03125
2013-04-24,58400.0,55800.0,57100.0,56000.0,133094.0,54466.4140625
2013-04-25,57000.0,53200.0,55700.0,53900.0,226551.0,52423.92578125
2013-04-26,55300.0,53500.0,54100.0,54300.0,127669.0,52812.97265625
2013-04-29,57800.0,55000.0,55400.0,57600.0,257413.0,56022.59765625
2013-04-30,57900.0,55500.0,57700.0,56300.0,136585.0,54758.203125
2013-05-02,57600.0,56300.0,56300.0,57500.0,99989.0,55925.33984375
2013-05-03,57600.0,54400.0,57600.0,55900.0,184034.0,54369.15625
2013-05-06,55900.0,54000.0,55300.0,54000.0,141336.0,52521.18359375
2013-05-07,57100.0,54000.0,54000.0,57100.0,209755.0,55536.29296875
2013-05-08,57600.0,55600.0,57000.0,57300.0,144638.0,55730.8125
2013-05-09,58500.0,54600.0,57400.0,58500.0,222932.0,56897.953125
2013-05-10,59900.0,58000.0,58400.0,59300.0,170383.0,57676.04296875
2013-05-13,60800.0,59400.0,59400.0,60000.0,150811.0,58356.875
2013-05-14,60400.0,56500.0,60000.0,57300.0,205668.0,55730.8125
2013-05-15,58200.0,56300.0,56900.0,57000.0,142996.0,55439.03125
2013-05-16,58600.0,57300.0,57700.0,57500.0,184249.0,55925.33984375
2013-05-20,59100.0,56900.0,57600.0,59100.0,126462.0,57481.5234375
2013-05-21,58500.0,57400.0,58000.0,57900.0,156628.0,56314.37890625
2013-05-22,57800.0,55100.0,57000.0,57400.0,366288.0,55828.078125
2013-05-23,57600.0,56500.0,56800.0,56800.0,120728.0,55244.50390625
2013-05-24,56900.0,53800.0,56800.0,54000.0,382082.0,52521.18359375
2013-05-27,54300.0,51300.0,53000.0,53500.0,348944.0,52034.87890625
2013-05-28,56100.0,53500.0,53700.0,55800.0,215907.0,54271.890625
2013-05-29,57100.0,54100.0,56700.0,54700.0,193387.0,53202.01953125
2013-05-30,56100.0,53500.0,55000.0,53700.0,280569.0,52229.3984375
2013-05-31,54400.0,52800.0,53500.0,54400.0,244197.0,52910.2265625
2013-06-03,54200.0,50700.0,53400.0,51000.0,386332.0,49603.34375
2013-06-04,51700.0,49200.0,51400.0,50500.0,314619.0,49117.03515625
2013-06-05,50900.0,48300.0,50500.0,48700.0,250967.0,47366.328125
2013-06-07,52200.0,48900.0,49000.0,52100.0,340589.0,50673.21875
2013-06-10,52900.0,51300.0,52100.0,52100.0,154640.0,50673.21875
2013-06-11,52900.0,50900.0,51900.0,52200.0,103680.0,50770.48046875
2013-06-12,54300.0,51900.0,52000.0,54200.0,172800.0,52715.7109375
2013-06-13,54500.0,52700.0,54000.0,53100.0,131382.0,51645.8359375
2013-06-14,54900.0,51100.0,54000.0,52000.0,137365.0,50575.9609375
2013-06-17,52000.0,49400.0,51300.0,49750.0,202976.0,48387.5703125
2013-06-18,52900.0,49100.0,50100.0,52800.0,134520.0,51354.05078125
2013-06-19,54200.0,52400.0,52800.0,52700.0,137207.0,51256.79296875
2013-06-20,54400.0,51400.0,51500.0,53900.0,223454.0,52423.92578125
2013-06-21,52900.0,50600.0,52700.0,51000.0,272199.0,49603.34375
2013-06-24,51400.0,50000.0,50700.0,50000.0,104052.0,48630.73046875
2013-06-25,50900.0,46500.0,49500.0,48000.0,216289.0,46685.49609375
2013-06-26,50600.0,47800.0,48250.0,50000.0,146012.0,48630.73046875
2013-06-27,51200.0,49650.0,50800.0,49950.0,125113.0,48582.09765625
2013-06-28,50900.0,49300.0,50000.0,50000.0,188542.0,48630.73046875
2013-07-01,52300.0,49600.0,50000.0,51300.0,179053.0,49895.12890625
2013-07-02,53000.0,50900.0,51500.0,51300.0,209622.0,49895.12890625
2013-07-03,51800.0,50500.0,51200.0,50900.0,110804.0,49506.08203125
2013-07-04,52100.0,50900.0,50900.0,51800.0,89709.0,50381.43359375
2013-07-05,52200.0,49000.0,52200.0,49500.0,253426.0,48144.421875
2013-07-08,50100.0,48400.0,49500.0,49000.0,104335.0,47658.109375
2013-07-09,49850.0,47600.0,49300.0,48350.0,253948.0,47025.9140625
2013-07-10,47700.0,45800.0,47350.0,46200.0,289125.0,44934.7890625
2013-07-11,49250.0,47000.0,47000.0,48550.0,212250.0,47220.43359375
2013-07-12,49450.0,47700.0,48650.0,48900.0,186751.0,47560.8515625
2013-07-15,50200.0,47850.0,47850.0,50000.0,121043.0,48630.73046875
2013-07-16,51300.0,49400.0,50300.0,50800.0,140916.0,49408.81640625
2013-07-17,53500.0,50700.0,51000.0,53200.0,296559.0,51743.08984375
2013-07-18,54300.0,52500.0,53200.0,53000.0,209511.0,51548.5703125
2013-07-19,53400.0,51700.0,52800.0,51900.0,127437.0,50478.69921875
2013-07-22,52800.0,51400.0,51500.0,52000.0,70584.0,50575.9609375
2013-07-23,52300.0,49800.0,51900.0,49900.0,219489.0,48533.46875
2013-07-24,50900.0,49900.0,50200.0,50000.0,85299.0,48630.73046875
2013-07-25,49800.0,47500.0,49800.0,47500.0,416810.0,46199.1953125
2013-07-26,48400.0,47500.0,47600.0,48150.0,189519.0,46831.390625
2013-07-29,48450.0,46600.0,48150.0,46600.0,248129.0,45323.83984375
2013-07-30,47100.0,46000.0,46400.0,46850.0,143614.0,45566.99609375
2013-07-31,48450.0,47150.0,47150.0,48000.0,214435.0,46685.49609375
2013-08-01,48350.0,46950.0,48350.0,47000.0,175631.0,45712.88671875
2013-08-02,47550.0,45750.0,47500.0,45850.0,309806.0,44594.37890625
2013-08-05,47400.0,46450.0,46450.0,47300.0,136881.0,46004.671875
2013-08-06,49850.0,47300.0,47300.0,49600.0,351799.0,48241.6796875
2013-08-07,51900.0,48700.0,49600.0,51700.0,437237.0,50284.171875
2013-08-08,51600.0,50000.0,51600.0,50900.0,165475.0,49506.08203125
2013-08-09,52000.0,49700.0,49800.0,51200.0,191100.0,49797.86328125
2013-08-12,50800.0,48150.0,50800.0,49000.0,256744.0,47658.109375
2013-08-13,50200.0,48650.0,49150.0,50200.0,108057.0,48825.25
2013-08-14,50400.0,49600.0,50400.0,50200.0,150148.0,48825.25
2013-08-16,50200.0,48050.0,49300.0,48200.0,206396.0,46880.0234375
2013-08-19,49500.0,47900.0,48200.0,49500.0,168253.0,48144.421875
2013-08-20,50600.0,49000.0,49000.0,49500.0,167539.0,48144.421875
2013-08-21,49950.0,48200.0,49500.0,48600.0,87402.0,47269.0703125
2013-08-22,48100.0,46500.0,48100.0,46500.0,204869.0,45226.578125
2013-08-23,47200.0,46500.0,47000.0,46700.0,128877.0,45421.1015625
2013-08-26,47550.0,46750.0,46900.0,47250.0,99684.0,45956.04296875
2013-08-27,49450.0,47300.0,47450.0,48100.0,239912.0,46782.7578125
2013-08-28,47550.0,46500.0,47100.0,46800.0,155590.0,45518.359375
2013-08-29,48200.0,47250.0,48000.0,47600.0,106490.0,46296.44921875
2013-08-30,49000.0,47000.0,47650.0,48500.0,129073.0,47171.80859375
2013-09-02,49900.0,49000.0,49000.0,49600.0,84365.0,48241.6796875
2013-09-03,50000.0,48900.0,50000.0,49200.0,92561.0,47852.640625
2013-09-04,49450.0,48550.0,49150.0,49400.0,81131.0,48047.16015625
2013-09-05,52000.0,49400.0,49450.0,52000.0,292193.0,50575.9609375
2013-09-06,52500.0,51400.0,52400.0,51700.0,178478.0,50284.171875
2013-09-09,53000.0,51700.0,52200.0,52700.0,225194.0,51256.79296875
2013-09-10,52500.0,50100.0,52400.0,50500.0,311930.0,49117.03515625
2013-09-11,51400.0,50500.0,51000.0,51300.0,160179.0,49895.12890625
2013-09-12,53200.0,50500.0,51000.0,53100.0,319504.0,51645.8359375
2013-09-13,54000.0,52200.0,53000.0,53000.0,177667.0,51548.5703125
2013-09-16,53300.0,51500.0,52700.0,51500.0,153767.0,50089.6484375
2013-09-17,52000.0,50500.0,51600.0,51700.0,118741.0,50284.171875
2013-09-23,52700.0,50900.0,52200.0,51300.0,148269.0,49895.12890625
2013-09-24,54500.0,51500.0,51700.0,54000.0,432921.0,52521.18359375
2013-09-25,54400.0,52500.0,54400.0,52500.0,191309.0,51062.26171875
2013-09-26,55700.0,52000.0,52400.0,55000.0,360312.0,53493.8046875
2013-09-27,56900.0,53800.0,54500.0,56800.0,282001.0,55244.50390625
2013-09-30,57300.0,54200.0,56700.0,55000.0,292497.0,53493.8046875
2013-10-01,55600.0,53500.0,55000.0,54100.0,163703.0,52618.44921875
2013-10-02,55400.0,53500.0,54900.0,53900.0,192751.0,52423.92578125
2013-10-04,56200.0,53000.0,54000.0,55000.0,244385.0,53493.8046875
2013-10-07,55900.0,53700.0,55600.0,53700.0,154979.0,52229.3984375
2013-10-08,54500.0,53400.0,54300.0,53500.0,98901.0,52034.87890625
2013-10-10,55000.0,53500.0,53500.0,54600.0,80479.0,53104.75390625
2013-10-11,55000.0,53900.0,55000.0,53900.0,88390.0,52423.92578125
2013-10-14,54400.0,52600.0,53700.0,53200.0,76578.0,51743.08984375
2013-10-15,53800.0,52600.0,53200.0,53500.0,94412.0,52034.87890625
2013-10-16,54300.0,51000.0,53500.0,52400.0,154228.0,50965.0
2013-10-17,52900.0,50700.0,52900.0,50800.0,140592.0,49408.81640625
2013-10-18,51500.0,49300.0,51100.0,50800.0,178164.0,49408.81640625
2013-10-21,52000.0,50500.0,50800.0,51600.0,86015.0,50186.90625
2013-10-22,52000.0,50700.0,52000.0,51200.0,79187.0,49797.86328125
2013-10-23,51400.0,49800.0,51300.0,50200.0,106610.0,48825.25
2013-10-24,51000.0,49800.0,50400.0,50600.0,98644.0,49214.30078125
2013-10-25,51900.0,50600.0,51000.0,51500.0,78334.0,50089.6484375
2013-10-28,52000.0,51000.0,52000.0,51500.0,39685.0,50089.6484375
2013-10-29,51600.0,50400.0,51500.0,50800.0,70368.0,49408.81640625
2013-10-30,51000.0,50300.0,50800.0,50700.0,59602.0,49311.55859375
2013-10-31,51000.0,49700.0,51000.0,49950.0,99707.0,48582.09765625
2013-11-01,52100.0,49400.0,50300.0,51600.0,153778.0,50186.90625
2013-11-04,51600.0,50600.0,51600.0,50700.0,40789.0,49311.55859375
2013-11-05,51000.0,50100.0,50500.0,50600.0,83051.0,49214.30078125
2013-11-06,51400.0,50000.0,51000.0,50500.0,92530.0,49117.03515625
2013-11-07,50100.0,46300.0,50100.0,48550.0,494614.0,47220.43359375
2013-11-08,49400.0,47850.0,48000.0,48550.0,709155.0,47220.43359375
2013-11-11,49500.0,45150.0,49500.0,46050.0,336292.0,44788.90234375
2013-11-12,48200.0,46000.0,46400.0,47850.0,104710.0,46539.60546875
2013-11-13,50100.0,47350.0,47350.0,48300.0,176300.0,46977.28515625
2013-11-14,50000.0,48350.0,48350.0,49850.0,86322.0,48484.83203125
2013-11-15,50000.0,49100.0,49850.0,49400.0,79952.0,48047.16015625
2013-11-18,50200.0,48950.0,50000.0,49150.0,40556.0,47804.0078125
2013-11-19,49900.0,48800.0,49500.0,49550.0,59134.0,48193.05078125
2013-11-20,50100.0,49050.0,49250.0,49850.0,57850.0,48484.83203125
2013-11-21,49700.0,48900.0,49600.0,49300.0,30473.0,47949.8984375
2013-11-22,49650.0,49050.0,49300.0,49400.0,21890.0,48047.16015625
2013-11-25,49900.0,48550.0,49400.0,48900.0,48401.0,47560.8515625
2013-11-26,49000.0,48350.0,48900.0,48350.0,62609.0,47025.9140625
2013-11-27,48850.0,48000.0,48100.0,48350.0,73146.0,47025.9140625
2013-11-28,48800.0,47800.0,48550.0,48200.0,52957.0,46880.0234375
2013-11-29,48550.0,47500.0,48200.0,48150.0,85712.0,46831.390625
2013-12-02,48400.0,47550.0,48400.0,48000.0,69374.0,46685.49609375
2013-12-03,48050.0,46500.0,48050.0,47200.0,146203.0,45907.40625
2013-12-04,47900.0,46750.0,46800.0,47200.0,69888.0,45907.40625
2013-12-05,47550.0,46850.0,46850.0,47200.0,61227.0,45907.40625
2013-12-06,47550.0,46750.0,47200.0,47100.0,55433.0,45810.1484375
2013-12-09,47700.0,46550.0,46950.0,46550.0,79862.0,45275.20703125
2013-12-10,46750.0,45900.0,46550.0,46300.0,77905.0,45032.0546875
2013-12-11,46850.0,45900.0,45900.0,46550.0,57496.0,45275.20703125
2013-12-12,47100.0,46000.0,46000.0,46850.0,59951.0,45566.99609375
2013-12-13,47050.0,45900.0,47000.0,46000.0,97108.0,44740.265625
2013-12-16,45950.0,42150.0,45450.0,42150.0,479125.0,40995.703125
2013-12-17,42950.0,41050.0,42900.0,41650.0,263024.0,40509.3984375
2013-12-18,42950.0,41300.0,41600.0,42150.0,158037.0,40995.703125
2013-12-19,42750.0,41600.0,42150.0,42750.0,124393.0,41579.2734375
2013-12-20,43450.0,42200.0,42450.0,43250.0,72542.0,42065.58203125
2013-12-23,43800.0,43050.0,43050.0,43500.0,92998.0,42308.734375
2013-12-24,43800.0,42750.0,43500.0,42900.0,77294.0,41725.16796875
2013-12-26,43800.0,42550.0,42550.0,43100.0,75876.0,41919.69140625
2013-12-27,43900.0,42800.0,42800.0,42950.0,176453.0,42115.8046875
2013-12-30,43750.0,43000.0,43500.0,43500.0,128738.0,42655.12109375
2014-01-02,46900.0,43550.0,43550.0,46500.0,406987.0,45596.8515625
2014-01-03,46700.0,44950.0,46250.0,45500.0,115812.0,44616.2734375
2014-01-06,46950.0,45500.0,45500.0,46950.0,156969.0,46038.11328125
2014-01-07,47000.0,46300.0,46300.0,46700.0,91622.0,45792.96875
2014-01-08,47300.0,46450.0,47100.0,47100.0,66539.0,46185.203125
2014-01-09,47850.0,46550.0,47100.0,47800.0,62935.0,46871.60546875
2014-01-10,47600.0,45900.0,47250.0,46800.0,112183.0,45891.02734375
2014-01-13,47900.0,46900.0,47650.0,47850.0,90239.0,46920.6328125
2014-01-14,48250.0,47200.0,47200.0,47300.0,73631.0,46381.31640625
2014-01-15,47500.0,45950.0,47300.0,46800.0,109014.0,45891.02734375
2014-01-16,46900.0,45950.0,46800.0,46250.0,81703.0,45351.7109375
2014-01-17,48200.0,46250.0,46250.0,48000.0,127565.0,47067.72265625
2014-01-20,48750.0,47450.0,48750.0,48400.0,74267.0,47459.953125
2014-01-21,48250.0,47900.0,48000.0,48150.0,63199.0,47214.8046875
2014-01-22,48050.0,47100.0,47750.0,48000.0,80910.0,47067.72265625
2014-01-23,48600.0,47450.0,47450.0,48500.0,57197.0,47558.01171875
2014-01-24,48850.0,47650.0,48500.0,48750.0,74156.0,47803.15234375
2014-01-27,48850.0,47650.0,47900.0,48400.0,47873.0,47459.953125
2014-01-28,48750.0,47600.0,48350.0,48650.0,69429.0,47705.09375
2014-01-29,48800.0,47900.0,48650.0,48600.0,85067.0,47656.06640625
2014-02-03,49500.0,47900.0,48200.0,48000.0,120664.0,47067.72265625
2014-02-04,48800.0,47300.0,47300.0,48500.0,102633.0,47558.01171875
2014-02-05,48850.0,46450.0,48500.0,46600.0,147925.0,45694.9140625
2014-02-06,47550.0,46500.0,46500.0,47350.0,94178.0,46430.34375
2014-02-07,50700.0,47550.0,47600.0,50700.0,263582.0,49715.27734375
2014-02-10,51600.0,50200.0,50700.0,50500.0,105674.0,49519.1640625
2014-02-11,52500.0,51000.0,51300.0,52400.0,230395.0,51382.26171875
2014-02-12,52900.0,51300.0,51900.0,52200.0,99021.0,51186.1484375
2014-02-13,52500.0,50700.0,51800.0,51400.0,68808.0,50401.68359375
2014-02-14,52300.0,51500.0,52000.0,52000.0,71758.0,50990.03125
2014-02-17,53100.0,51400.0,52000.0,52900.0,102166.0,51872.55078125
2014-02-18,53100.0,51900.0,52400.0,52600.0,58087.0,51578.375
2014-02-19,53000.0,51800.0,52300.0,52500.0,64620.0,51480.31640625
2014-02-20,54200.0,51100.0,52300.0,52500.0,193519.0,51480.31640625
2014-02-21,53900.0,51200.0,53900.0,51200.0,220465.0,50205.56640625
2014-02-24,51800.0,51000.0,51600.0,51400.0,110177.0,50401.68359375
2014-02-25,51900.0,51100.0,51700.0,51300.0,79601.0,50303.62890625
2014-02-26,51600.0,50700.0,51600.0,51000.0,59999.0,50009.453125
2014-02-27,51500.0,50100.0,51200.0,50400.0,97725.0,49421.10546875
2014-02-28,52200.0,50500.0,50500.0,51500.0,119293.0,50499.7421875
2014-03-03,53800.0,51300.0,51500.0,53700.0,199065.0,52657.01171875
2014-03-04,54100.0,52700.0,53300.0,53600.0,146586.0,52558.953125
2014-03-05,54200.0,53200.0,53700.0,54000.0,73840.0,52951.18359375
2014-03-06,54400.0,53200.0,53900.0,54100.0,73000.0,53049.2421875
2014-03-07,54100.0,53200.0,53800.0,53600.0,90277.0,52558.953125
2014-03-10,54500.0,52800.0,53900.0,53700.0,120835.0,52657.01171875
2014-03-11,56700.0,54000.0,54000.0,56400.0,280345.0,55304.57421875
2014-03-12,56800.0,55000.0,56500.0,55800.0,131357.0,54716.22265625
2014-03-13,56700.0,55100.0,56100.0,56700.0,76675.0,55598.74609375
2014-03-14,56200.0,54200.0,56000.0,54200.0,138215.0,53147.30078125
2014-03-17,55000.0,53700.0,54300.0,53800.0,100868.0,52755.0703125
2014-03-18,55900.0,54100.0,54100.0,55400.0,63837.0,54323.9921875
2014-03-19,55500.0,53800.0,55400.0,54800.0,67621.0,53735.6484375
2014-03-20,55800.0,53800.0,54400.0,55800.0,83055.0,54716.22265625
2014-03-21,56600.0,54900.0,55800.0,55700.0,85774.0,54618.16796875
2014-03-24,55800.0,53600.0,55800.0,53800.0,98849.0,52755.0703125
2014-03-25,54300.0,51000.0,54000.0,52500.0,250889.0,51480.31640625
2014-03-26,53100.0,51600.0,52500.0,53000.0,113038.0,51970.60546875
2014-03-27,53300.0,51100.0,52500.0,52600.0,131722.0,51578.375
2014-03-28,53300.0,51500.0,52700.0,51900.0,112775.0,50891.97265625
2014-03-31,52600.0,51500.0,52300.0,52000.0,91459.0,50990.03125
2014-04-01,53300.0,51500.0,52200.0,52400.0,101136.0,51382.26171875
2014-04-02,53200.0,52300.0,53100.0,52900.0,81487.0,51872.55078125
2014-04-03,53000.0,51900.0,52600.0,51900.0,85684.0,50891.97265625
2014-04-04,52200.0,51100.0,51900.0,51400.0,104377.0,50401.68359375
2014-04-07,51300.0,49400.0,51000.0,49850.0,145808.0,48881.7890625
2014-04-08,51000.0,49800.0,49950.0,50900.0,105209.0,49911.39453125
2014-04-09,51100.0,49900.0,50900.0,50200.0,92239.0,49224.98828125
2014-04-10,50700.0,49350.0,50300.0,49350.0,124881.0,48391.5
2014-04-11,49900.0,48950.0,49550.0,49400.0,75851.0,48440.53125
2014-04-14,49400.0,48600.0,49050.0,48800.0,124350.0,47852.1796875
2014-04-15,50100.0,49100.0,49100.0,49250.0,121112.0,48293.44140625
2014-04-16,51200.0,49700.0,49750.0,50700.0,163992.0,49715.27734375
2014-04-17,50700.0,48950.0,50500.0,49400.0,157332.0,48440.53125
2014-04-18,50500.0,49100.0,49400.0,50200.0,72429.0,49224.98828125
2014-04-21,50300.0,49150.0,50000.0,50100.0,89450.0,49126.93359375
2014-04-22,50000.0,49250.0,50000.0,49950.0,89466.0,48979.84765625
2014-04-23,50100.0,49200.0,49950.0,49250.0,76966.0,48293.44140625
2014-04-24,49200.0,47800.0,48750.0,48050.0,169735.0,47116.75
2014-04-25,48300.0,47600.0,48050.0,48000.0,142167.0,47067.72265625
2014-04-28,48300.0,47100.0,47800.0,47700.0,157604.0,46773.546875
2014-04-29,47850.0,46700.0,47650.0,47000.0,173284.0,46087.14453125
2014-04-30,49100.0,46800.0,46800.0,48050.0,168646.0,47116.75
2014-05-02,49500.0,48200.0,48200.0,49200.0,135824.0,48244.4140625
2014-05-07,49600.0,47200.0,49250.0,47650.0,112242.0,46724.51953125
2014-05-08,48500.0,47650.0,48000.0,48400.0,51894.0,47459.953125
2014-05-09,47150.0,43950.0,47150.0,45500.0,626189.0,44616.2734375
2014-05-12,45550.0,44500.0,45500.0,45500.0,123106.0,44616.2734375
2014-05-13,46200.0,45250.0,45250.0,45750.0,106913.0,44861.421875
2014-05-14,46300.0,45200.0,45750.0,45300.0,101962.0,44420.16015625
2014-05-15,46900.0,45300.0,45300.0,46850.0,126316.0,45940.0546875
2014-05-16,46600.0,44900.0,46300.0,45200.0,150946.0,44322.10546875
2014-05-19,45650.0,43100.0,45300.0,43200.0,216398.0,42360.9453125
2014-05-20,44300.0,43050.0,43050.0,43400.0,165358.0,42557.0625
2014-05-21,44800.0,43500.0,43700.0,44650.0,87246.0,43782.7890625
2014-05-22,46650.0,44250.0,44250.0,46350.0,217831.0,45449.765625
2014-05-23,46850.0,46350.0,46500.0,46400.0,85650.0,45498.796875
2014-05-26,47100.0,46400.0,46400.0,47100.0,98506.0,46185.203125
2014-05-27,47400.0,46600.0,47400.0,46800.0,89360.0,45891.02734375
2014-05-28,47300.0,46200.0,46800.0,46400.0,109061.0,45498.796875
2014-05-29,46550.0,45200.0,46200.0,45200.0,121905.0,44322.10546875
2014-05-30,46400.0,45350.0,45700.0,46300.0,80692.0,45400.73828125
2014-06-02,46950.0,45300.0,46900.0,46500.0,83309.0,45596.8515625
2014-06-03,46500.0,44950.0,46450.0,45100.0,145389.0,44224.046875
2014-06-05,46050.0,44350.0,45500.0,45700.0,103716.0,44812.39453125
2014-06-09,46500.0,45100.0,45150.0,46400.0,76093.0,45498.796875
2014-06-10,47800.0,46300.0,46300.0,46800.0,133108.0,45891.02734375
2014-06-11,47550.0,46200.0,46850.0,47000.0,118674.0,46087.14453125
2014-06-12,46850.0,44950.0,46850.0,46000.0,153855.0,45106.5625
2014-06-13,45900.0,44150.0,45900.0,44150.0,202836.0,43292.5
2014-06-16,45450.0,44250.0,44400.0,45350.0,70281.0,44469.19140625
2014-06-17,45700.0,44800.0,45050.0,45400.0,71574.0,44518.21875
2014-06-18,47200.0,45100.0,45100.0,46950.0,159071.0,46038.11328125
2014-06-19,47400.0,45900.0,47000.0,46750.0,98612.0,45842.0
2014-06-20,47550.0,46350.0,46750.0,47100.0,87580.0,46185.203125
2014-06-23,48950.0,47400.0,47500.0,48650.0,157571.0,47705.09375
2014-06-24,48800.0,47550.0,48650.0,48100.0,126308.0,47165.77734375
2014-06-25,48400.0,46500.0,48150.0,46550.0,191933.0,45645.8828125
2014-06-26,48150.0,46750.0,46900.0,48000.0,113304.0,47067.72265625
2014-06-27,48200.0,47550.0,48000.0,47800.0,78056.0,46871.60546875
2014-06-30,49300.0,47800.0,48000.0,48300.0,185435.0,47361.890625
2014-07-01,49200.0,48400.0,48400.0,48950.0,103255.0,47999.26953125
2014-07-02,49400.0,48750.0,49400.0,49100.0,117016.0,48146.35546875
2014-07-03,49050.0,41750.0,49050.0,47750.0,301864.0,46822.57421875
2014-07-04,48550.0,47350.0,48100.0,48050.0,129518.0,47116.75
2014-07-07,48150.0,46900.0,48000.0,47350.0,84097.0,46430.34375
2014-07-08,48050.0,46800.0,47350.0,47700.0,93690.0,46773.546875
2014-07-09,48100.0,46900.0,47200.0,47800.0,130369.0,46871.60546875
2014-07-10,48900.0,47200.0,47800.0,48600.0,195892.0,47656.06640625
2014-07-11,49150.0,48300.0,48600.0,48800.0,128433.0,47852.1796875
2014-07-14,49050.0,47950.0,49050.0,48600.0,106431.0,47656.06640625
2014-07-15,49500.0,48000.0,49100.0,48550.0,149484.0,47607.0390625
2014-07-16,48150.0,46050.0,47900.0,46400.0,302747.0,45498.796875
2014-07-17,46950.0,46300.0,46750.0,46300.0,126719.0,45400.73828125
2014-07-18,46950.0,45800.0,45800.0,46050.0,120332.0,45155.59765625
2014-07-21,46050.0,45150.0,45950.0,45950.0,131378.0,45057.53515625
2014-07-22,46450.0,45500.0,45800.0,46050.0,79421.0,45155.59765625
2014-07-23,46400.0,45800.0,45950.0,45800.0,59804.0,44910.44921875
2014-07-24,46200.0,44600.0,45450.0,45500.0,106725.0,44616.2734375
2014-07-25,47650.0,45650.0,45850.0,47500.0,162902.0,46577.43359375
2014-07-28,48300.0,46250.0,48000.0,46600.0,122592.0,45694.9140625
2014-07-29,46800.0,44200.0,46600.0,44800.0,210955.0,43929.87109375
2014-07-30,46400.0,45200.0,45600.0,45950.0,131062.0,45057.53515625
2014-07-31,47700.0,45250.0,46750.0,45950.0,186861.0,45057.53515625
2014-08-01,46600.0,45500.0,45500.0,46550.0,193430.0,45645.8828125
2014-08-04,49650.0,48150.0,48200.0,48900.0,585247.0,47950.2421875
2014-08-05,50100.0,47600.0,49700.0,47600.0,310043.0,46675.48828125
2014-08-06,48650.0,47250.0,47550.0,48050.0,229666.0,47116.75
2014-08-07,50800.0,48100.0,48100.0,49000.0,722887.0,48048.296875
2014-08-08,49500.0,48150.0,48600.0,49000.0,178363.0,48048.296875
2014-08-11,50500.0,48050.0,50000.0,48450.0,216468.0,47508.98046875
2014-08-12,49200.0,47550.0,48550.0,48450.0,160622.0,47508.98046875
2014-08-13,48800.0,47550.0,48050.0,48350.0,169924.0,47410.921875
2014-08-14,48900.0,48100.0,48350.0,48900.0,120054.0,47950.2421875
2014-08-18,49750.0,47950.0,49300.0,48800.0,125609.0,47852.1796875
2014-08-19,50700.0,48450.0,49450.0,50100.0,427430.0,49126.93359375
2014-08-20,52000.0,49650.0,50300.0,52000.0,367110.0,50990.03125
2014-08-21,52100.0,50800.0,52100.0,50800.0,204861.0,49813.33984375
2014-08-22,51800.0,50200.0,51100.0,51400.0,170880.0,50401.68359375
2014-08-25,53300.0,50900.0,51400.0,53000.0,368269.0,51970.60546875
2014-08-26,53300.0,52000.0,53300.0,52800.0,185567.0,51774.4921875
2014-08-27,52800.0,50800.0,52700.0,51500.0,221822.0,50499.7421875
2014-08-28,51800.0,50700.0,51500.0,51200.0,109276.0,50205.56640625
2014-08-29,51600.0,50300.0,51300.0,51600.0,141826.0,50597.796875
2014-09-01,52000.0,50700.0,51700.0,51100.0,116783.0,50107.5078125
2014-09-02,51800.0,50400.0,51000.0,51400.0,95316.0,50401.68359375
2014-09-03,52400.0,50600.0,51600.0,52400.0,150494.0,51382.26171875
2014-09-04,54000.0,52200.0,52700.0,52800.0,319781.0,51774.4921875
2014-09-05,53800.0,52000.0,53500.0,52400.0,138188.0,51382.26171875
2014-09-11,53600.0,52400.0,53000.0,52600.0,167086.0,51578.375
2014-09-12,52900.0,51300.0,52200.0,52600.0,127837.0,51578.375
2014-09-15,52600.0,50700.0,52200.0,52300.0,174525.0,51284.203125
2014-09-16,52500.0,51000.0,52200.0,51400.0,84033.0,50401.68359375
2014-09-17,52300.0,51200.0,51200.0,52300.0,119417.0,51284.203125
2014-09-18,52700.0,51800.0,51800.0,52200.0,80959.0,51186.1484375
2014-09-19,54400.0,52200.0,52200.0,53800.0,223602.0,52755.0703125
2014-09-22,54200.0,53200.0,53800.0,53900.0,90590.0,52853.12890625
2014-09-23,54000.0,52800.0,54000.0,53200.0,139946.0,52166.72265625
2014-09-24,53700.0,52800.0,53000.0,53700.0,89029.0,52657.01171875
2014-09-25,54100.0,53100.0,53900.0,54100.0,90663.0,53049.2421875
2014-09-26,55600.0,53500.0,54100.0,54900.0,213678.0,53833.703125
2014-09-29,55800.0,54300.0,54900.0,54700.0,124569.0,53637.58984375
2014-09-30,54800.0,52800.0,54800.0,53500.0,136030.0,52460.8984375
2014-10-01,53700.0,52200.0,53300.0,52200.0,116526.0,51186.1484375
2014-10-02,54000.0,50900.0,51900.0,53500.0,136350.0,52460.8984375
2014-10-06,54500.0,53000.0,53500.0,54100.0,130346.0,53049.2421875
2014-10-07,54400.0,53400.0,54200.0,54200.0,70755.0,53147.30078125
2014-10-08,54500.0,52400.0,53700.0,53500.0,175958.0,52460.8984375
2014-10-10,53600.0,52000.0,53000.0,53300.0,157376.0,52264.78125
2014-10-13,53100.0,49900.0,53100.0,50000.0,167254.0,49028.875
2014-10-14,51300.0,49000.0,49000.0,50400.0,151724.0,49421.10546875
2014-10-15,50500.0,47650.0,50400.0,49100.0,191722.0,48146.35546875
2014-10-16,50700.0,48600.0,49300.0,50100.0,120318.0,49126.93359375
2014-10-17,50800.0,47700.0,50300.0,48200.0,181850.0,47263.8359375
2014-10-20,49400.0,48350.0,48400.0,48850.0,132231.0,47901.2109375
2014-10-21,51500.0,49000.0,49000.0,51500.0,198692.0,50499.7421875
2014-10-22,52300.0,51000.0,51700.0,52100.0,114616.0,51088.0859375
2014-10-23,53000.0,51000.0,52100.0,51200.0,106130.0,50205.56640625
2014-10-24,53400.0,51100.0,52100.0,52000.0,191001.0,50990.03125
2014-10-27,53100.0,51500.0,52100.0,52500.0,100244.0,51480.31640625
2014-10-28,53400.0,52300.0,52700.0,53100.0,73023.0,52068.6640625
2014-10-29,53500.0,52500.0,53200.0,53300.0,101119.0,52264.78125
2014-10-30,53400.0,50800.0,53300.0,52100.0,186100.0,51088.0859375
2014-10-31,52400.0,51100.0,51700.0,52400.0,178686.0,51382.26171875
2014-11-03,51900.0,50600.0,51700.0,51000.0,56671.0,50009.453125
2014-11-04,50900.0,48050.0,50400.0,48400.0,148194.0,47459.953125
2014-11-05,49050.0,48050.0,48050.0,49000.0,90743.0,48048.296875
2014-11-06,49000.0,46800.0,49000.0,47000.0,106829.0,46087.14453125
2014-11-07,47700.0,45950.0,47100.0,47200.0,170309.0,46283.2578125
2014-11-10,49350.0,47650.0,47650.0,48400.0,153039.0,47459.953125
2014-11-11,50500.0,49200.0,50300.0,49500.0,197506.0,48538.5859375
2014-11-12,50500.0,49000.0,50200.0,49700.0,70597.0,48734.69921875
2014-11-13,50100.0,49050.0,49800.0,49650.0,36708.0,48685.671875
2014-11-14,51500.0,49900.0,50200.0,50000.0,108307.0,49028.875
2014-11-17,51700.0,50400.0,50900.0,50800.0,84598.0,49813.33984375
2014-11-18,52600.0,51300.0,51300.0,52000.0,138374.0,50990.03125
2014-11-19,53500.0,51100.0,52400.0,52700.0,131002.0,51676.4375
2014-11-20,53700.0,52000.0,52900.0,52400.0,82756.0,51382.26171875
2014-11-21,53200.0,51800.0,52700.0,51800.0,66942.0,50793.9140625
2014-11-24,53000.0,51500.0,52600.0,52200.0,122451.0,51186.1484375
2014-11-25,52800.0,50500.0,52500.0,52200.0,100032.0,51186.1484375
2014-11-26,53600.0,52100.0,52500.0,52800.0,84648.0,51774.4921875
2014-11-27,53700.0,50900.0,52800.0,52100.0,78707.0,51088.0859375
2014-11-28,52500.0,50900.0,52000.0,51900.0,54424.0,50891.97265625
2014-12-01,52300.0,50900.0,52000.0,51600.0,69617.0,50597.796875
2014-12-02,52400.0,51100.0,51700.0,52200.0,58627.0,51186.1484375
2014-12-03,52700.0,51300.0,52300.0,51800.0,61185.0,50793.9140625
2014-12-04,52400.0,51500.0,51600.0,51800.0,68404.0,50793.9140625
2014-12-05,52900.0,51500.0,51500.0,51900.0,94919.0,50891.97265625
2014-12-08,53900.0,51200.0,51800.0,53600.0,89253.0,52558.953125
2014-12-09,54400.0,52600.0,53600.0,52600.0,87078.0,51578.375
2014-12-10,54400.0,52600.0,53500.0,54200.0,78938.0,53147.30078125
2014-12-11,55300.0,53300.0,54300.0,54900.0,167018.0,53833.703125
2014-12-12,55500.0,52100.0,54400.0,53800.0,154085.0,52755.0703125
2014-12-15,54600.0,53700.0,53800.0,53700.0,99324.0,52657.01171875
2014-12-16,54900.0,53900.0,53900.0,54900.0,113884.0,53833.703125
2014-12-17,56200.0,54200.0,54900.0,55400.0,175266.0,54323.9921875
2014-12-18,55700.0,53800.0,55300.0,54500.0,126899.0,53441.47265625
2014-12-19,55100.0,53800.0,54700.0,54300.0,78882.0,53245.359375
2014-12-22,54600.0,53100.0,53700.0,54000.0,45485.0,52951.18359375
2014-12-23,54500.0,53400.0,54000.0,54000.0,82579.0,52951.18359375
2014-12-24,54200.0,53100.0,53600.0,53500.0,70775.0,52460.8984375
2014-12-26,53900.0,52700.0,53500.0,53400.0,62336.0,52362.83984375
2014-12-29,54800.0,53100.0,53100.0,54000.0,95354.0,53300.53515625
2014-12-30,54600.0,53500.0,53500.0,54000.0,79926.0,53300.53515625
2015-01-02,58800.0,54000.0,54200.0,58200.0,162373.0,57446.12890625
2015-01-05,61400.0,58200.0,59200.0,61000.0,221601.0,60209.859375
2015-01-06,61100.0,59000.0,60100.0,59100.0,143451.0,58334.47265625
2015-01-07,60200.0,58800.0,59000.0,59800.0,46505.0,59025.40625
2015-01-08,59800.0,58500.0,59800.0,58800.0,61749.0,58038.359375
2015-01-09,63300.0,58400.0,58600.0,62600.0,227499.0,61789.13671875
2015-01-12,62600.0,61000.0,62600.0,62400.0,61310.0,61591.7265625
2015-01-13,64000.0,60300.0,62300.0,60500.0,93019.0,59716.33984375
2015-01-14,62500.0,59000.0,60800.0,60500.0,157304.0,59716.33984375
2015-01-15,60400.0,57000.0,60100.0,58700.0,274041.0,57939.65625
2015-01-16,59600.0,57600.0,58800.0,59300.0,117653.0,58531.87890625
2015-01-19,59900.0,58300.0,59800.0,59300.0,97423.0,58531.87890625
2015-01-20,60700.0,58500.0,59400.0,59100.0,102805.0,58334.47265625
2015-01-21,60900.0,58200.0,59900.0,59700.0,150710.0,58926.69921875
2015-01-22,60000.0,58500.0,59700.0,59600.0,95963.0,58827.99609375
2015-01-23,59600.0,56100.0,59600.0,57400.0,263408.0,56656.4921875
2015-01-26,58000.0,56000.0,57500.0,57800.0,118393.0,57051.3125
2015-01-27,58000.0,55700.0,58000.0,56000.0,166105.0,55274.62890625
2015-01-28,59700.0,55300.0,55300.0,59300.0,197340.0,58531.87890625
2015-01-29,61300.0,59300.0,59400.0,61000.0,157933.0,60209.859375
2015-01-30,61800.0,59800.0,60700.0,61000.0,130472.0,60209.859375
2015-02-02,61400.0,59500.0,60300.0,59600.0,54103.0,58827.99609375
2015-02-03,61400.0,59000.0,59000.0,60200.0,105755.0,59420.2265625
2015-02-04,62100.0,60200.0,60200.0,61700.0,134359.0,60900.79296875
2015-02-05,63600.0,61500.0,61500.0,62900.0,156731.0,62085.25
2015-02-06,65100.0,61800.0,62000.0,64700.0,180292.0,63861.93359375
2015-02-09,66300.0,62800.0,66000.0,63100.0,146080.0,62282.66015625
2015-02-10,65000.0,62900.0,63400.0,64500.0,128432.0,63664.52734375
2015-02-11,66400.0,64000.0,64700.0,65100.0,117256.0,64256.75
2015-02-12,65800.0,64000.0,64800.0,64700.0,40956.0,63861.93359375
2015-02-13,65400.0,63400.0,64800.0,63500.0,87955.0,62677.48046875
2015-02-16,64500.0,62200.0,63400.0,63000.0,70688.0,62183.953125
2015-02-17,64200.0,62400.0,62700.0,62700.0,54807.0,61887.84375
2015-02-23,63600.0,61900.0,62900.0,62000.0,68288.0,61196.90625
2015-02-24,63100.0,62200.0,62200.0,62400.0,54386.0,61591.7265625
2015-02-25,64900.0,62200.0,63100.0,64900.0,98782.0,64059.34765625
2015-02-26,65600.0,62600.0,64500.0,63000.0,76176.0,62183.953125
2015-02-27,64400.0,62600.0,63100.0,64300.0,52046.0,63467.1171875
2015-03-02,64300.0,60800.0,64300.0,61600.0,139845.0,60802.0859375
2015-03-03,62200.0,59800.0,61600.0,61100.0,176902.0,60308.56640625
2015-03-04,61500.0,59700.0,61100.0,59900.0,104301.0,59124.109375
2015-03-05,60700.0,58300.0,59900.0,59300.0,177315.0,58531.87890625
2015-03-06,60500.0,58800.0,59600.0,60200.0,91599.0,59420.2265625
2015-03-09,60300.0,58900.0,60300.0,59400.0,60067.0,58630.5859375
2015-03-10,59800.0,56300.0,59200.0,58400.0,186684.0,57643.54296875
2015-03-11,60000.0,57300.0,58000.0,59900.0,122492.0,59124.109375
2015-03-12,60500.0,58600.0,59400.0,60100.0,86454.0,59321.51953125
2015-03-13,61800.0,59700.0,59700.0,61100.0,128611.0,60308.56640625
2015-03-16,61400.0,60100.0,61400.0,60300.0,58025.0,59518.9296875
2015-03-17,60500.0,59200.0,60100.0,59400.0,83809.0,58630.5859375
2015-03-18,59600.0,58700.0,59100.0,59300.0,90010.0,58531.87890625
2015-03-19,59900.0,58500.0,59900.0,59900.0,64408.0,59124.109375
2015-03-20,60800.0,59200.0,59900.0,60600.0,71380.0,59815.04296875
2015-03-23,60600.0,59600.0,60600.0,60400.0,60793.0,59617.6328125
2015-03-24,60600.0,59500.0,60300.0,60400.0,50134.0,59617.6328125
2015-03-25,64300.0,60200.0,60700.0,64000.0,244763.0,63171.0
2015-03-26,63700.0,62700.0,63400.0,63200.0,69068.0,62381.36328125
2015-03-27,63700.0,62300.0,63200.0,63000.0,65171.0,62183.953125
2015-03-30,67100.0,63400.0,63500.0,66000.0,236613.0,65145.09765625
2015-03-31,68700.0,65300.0,66800.0,67700.0,144080.0,66823.0703125
2015-04-01,69100.0,66400.0,66800.0,66700.0,115012.0,65836.03125
2015-04-02,68200.0,66600.0,66700.0,66900.0,70564.0,66033.4296875
2015-04-03,68700.0,66500.0,66800.0,68700.0,89637.0,67810.125
2015-04-06,69900.0,67500.0,69100.0,69700.0,75292.0,68797.171875
2015-04-07,69600.0,67600.0,69600.0,68500.0,121935.0,67612.7109375
2015-04-08,69100.0,67000.0,68400.0,68800.0,78453.0,67908.828125
2015-04-09,69900.0,68400.0,69500.0,69400.0,66509.0,68501.0546875
2015-04-10,71400.0,68500.0,70000.0,70900.0,81786.0,69981.625
2015-04-13,71900.0,69000.0,70900.0,71100.0,129951.0,70179.03125
2015-04-14,74600.0,71400.0,72200.0,72600.0,187901.0,71659.6015625
2015-04-15,72600.0,70200.0,72600.0,72500.0,186315.0,71560.8984375
2015-04-16,72600.0,71000.0,72500.0,71300.0,62794.0,70376.4453125
2015-04-17,72700.0,71000.0,71000.0,72500.0,119302.0,71560.8984375
2015-04-20,74400.0,72600.0,73000.0,74200.0,167135.0,73238.8828125
2015-04-21,74800.0,72300.0,74700.0,73200.0,126003.0,72251.828125
2015-04-22,74000.0,71700.0,73200.0,73200.0,207963.0,72251.828125
2015-04-23,82400.0,72900.0,73900.0,81000.0,435462.0,79950.796875
2015-04-24,84500.0,77900.0,82900.0,80000.0,380204.0,78963.7578125
2015-04-27,83900.0,79600.0,81000.0,80200.0,182407.0,79161.1640625
2015-04-28,80800.0,78800.0,80800.0,79400.0,178291.0,78371.5234375
2015-04-29,81300.0,78000.0,79400.0,80000.0,94265.0,78963.7578125
2015-04-30,80900.0,78700.0,80900.0,79400.0,116640.0,78371.5234375
2015-05-04,81000.0,78500.0,78600.0,80500.0,92735.0,79457.2734375
2015-05-06,80500.0,78800.0,80100.0,79400.0,82344.0,78371.5234375
2015-05-07,79400.0,75600.0,79200.0,77700.0,153802.0,76693.546875
2015-05-08,82400.0,76700.0,77000.0,81600.0,167304.0,80543.03125
2015-05-11,93800.0,84600.0,84600.0,93800.0,420017.0,92585.0
2015-05-12,107500.0,93400.0,94400.0,103500.0,1027467.0,102159.3515625
2015-05-13,108500.0,99800.0,102000.0,104500.0,285335.0,103146.3984375
2015-05-14,105500.0,102500.0,104500.0,104000.0,139585.0,102652.8828125
2015-05-15,107500.0,103000.0,105000.0,105000.0,148803.0,103639.9296875
2015-05-18,116500.0,100500.0,105500.0,112000.0,272762.0,110549.2578125
2015-05-19,113500.0,107500.0,110500.0,108500.0,157970.0,107094.5859375
2015-05-20,110500.0,105000.0,109000.0,107500.0,176678.0,106107.546875
2015-05-21,120500.0,108000.0,109500.0,112500.0,252682.0,111042.7734375
2015-05-22,118500.0,107500.0,113500.0,109500.0,207575.0,108081.640625
2015-05-26,113500.0,107000.0,113000.0,109500.0,167397.0,108081.640625
2015-05-27,108500.0,101000.0,108500.0,105500.0,241722.0,104133.453125
2015-05-28,110500.0,105500.0,105500.0,107000.0,106730.0,105614.015625
2015-05-29,109000.0,101000.0,106000.0,101500.0,147371.0,100185.2578125
2015-06-01,105500.0,99300.0,101500.0,105500.0,131998.0,104133.453125
2015-06-02,103500.0,97300.0,102000.0,97700.0,414375.0,96434.484375
2015-06-03,101500.0,95000.0,96100.0,99400.0,234943.0,98112.4609375
2015-06-04,103000.0,98500.0,98700.0,103000.0,113654.0,101665.828125
2015-06-05,103000.0,100000.0,101000.0,103000.0,127155.0,101665.828125
2015-06-08,107500.0,96600.0,100500.0,106000.0,242106.0,104626.96875
2015-06-09,109000.0,104000.0,105500.0,105500.0,189023.0,104133.453125
2015-06-10,107500.0,102000.0,106500.0,103000.0,148150.0,101665.828125
2015-06-11,104000.0,100000.0,103000.0,102000.0,117244.0,100678.7890625
2015-06-12,117000.0,103500.0,104500.0,109000.0,494965.0,107588.1171875
2015-06-15,117500.0,106000.0,109500.0,111500.0,269413.0,110055.7265625
2015-06-16,129000.0,112500.0,114000.0,125000.0,481135.0,123380.8671875
2015-06-17,132500.0,121500.0,127000.0,127000.0,239738.0,125354.9609375
2015-06-18,128500.0,121000.0,128000.0,123500.0,205492.0,121900.296875
2015-06-19,124500.0,116000.0,124000.0,119000.0,231060.0,117458.5859375
2015-06-22,124000.0,116000.0,119000.0,118000.0,249620.0,116471.53125
2015-06-23,122000.0,116500.0,122000.0,117500.0,176317.0,115978.015625
2015-06-24,118500.0,114500.0,118500.0,118000.0,216186.0,116471.53125
2015-06-25,119500.0,114000.0,118000.0,118500.0,233631.0,116965.0546875
2015-06-26,126000.0,117500.0,119000.0,125000.0,364866.0,123380.8671875
2015-06-29,126000.0,121500.0,122000.0,124000.0,265659.0,122393.8125
2015-06-30,128500.0,120500.0,123000.0,128000.0,274784.0,126342.0
2015-07-01,130500.0,127000.0,130500.0,128000.0,181145.0,126342.0
2015-07-02,132500.0,127000.0,129000.0,131000.0,171472.0,129303.140625
2015-07-03,132500.0,121500.0,131500.0,124500.0,371189.0,122887.3359375
2015-07-06,125000.0,117500.0,121000.0,118500.0,189108.0,116965.0546875
2015-07-07,120000.0,105500.0,119000.0,109500.0,584458.0,108081.640625
2015-07-08,112500.0,104000.0,111000.0,109500.0,372540.0,108081.640625
2015-07-09,116500.0,104000.0,107500.0,116000.0,381675.0,114497.4453125
2015-07-10,117500.0,112000.0,116000.0,116000.0,135040.0,114497.4453125
2015-07-13,121000.0,114500.0,117500.0,120000.0,114745.0,118445.6328125
2015-07-14,122500.0,118500.0,120500.0,121000.0,104663.0,119432.6796875
2015-07-15,121000.0,114500.0,120500.0,118000.0,196925.0,116471.53125
2015-07-16,120000.0,114500.0,117000.0,119000.0,129656.0,117458.5859375
2015-07-17,123000.0,115500.0,120000.0,117500.0,159985.0,115978.015625
2015-07-20,124000.0,117000.0,117500.0,123000.0,147861.0,121406.7734375
2015-07-21,126500.0,119500.0,125000.0,126000.0,188321.0,124367.90625
2015-07-22,133500.0,124500.0,127000.0,126000.0,329577.0,124367.90625
2015-07-23,130500.0,122500.0,130500.0,128000.0,152106.0,126342.0
2015-07-24,129500.0,120000.0,128000.0,123500.0,157547.0,121900.296875
2015-07-27,125500.0,115000.0,122000.0,118500.0,192407.0,116965.0546875
2015-07-28,121000.0,113000.0,117000.0,120000.0,177005.0,118445.6328125
2015-07-29,123000.0,117000.0,121000.0,120500.0,115608.0,118939.1484375
2015-07-30,122500.0,115000.0,122000.0,116500.0,107998.0,114990.9609375
2015-07-31,118000.0,111500.0,117000.0,117000.0,190183.0,115484.4921875
2015-08-03,120000.0,116000.0,116000.0,118000.0,127888.0,116471.53125
2015-08-04,119000.0,116000.0,116000.0,119000.0,78782.0,117458.5859375
2015-08-05,121500.0,118000.0,120500.0,118500.0,103651.0,116965.0546875
2015-08-06,125500.0,119500.0,120500.0,123000.0,209677.0,121406.7734375
2015-08-07,126500.0,122500.0,123000.0,125000.0,148511.0,123380.8671875
2015-08-10,130000.0,125000.0,128000.0,127000.0,192611.0,125354.9609375
2015-08-11,129000.0,119500.0,129000.0,120500.0,200894.0,118939.1484375
2015-08-12,128000.0,118000.0,123500.0,122000.0,321173.0,120419.71875
2015-08-13,124500.0,120000.0,122000.0,120000.0,143282.0,118445.6328125
2015-08-14,120000.0,120000.0,120000.0,120000.0,0.0,118445.6328125
2015-08-17,125000.0,120000.0,121500.0,125000.0,134664.0,123380.8671875
2015-08-18,125500.0,119000.0,125000.0,120000.0,150171.0,118445.6328125
2015-08-19,119000.0,105000.0,117500.0,116500.0,507922.0,114990.9609375
2015-08-20,116500.0,106500.0,114500.0,106500.0,232006.0,105120.5
2015-08-21,108000.0,99400.0,101500.0,107500.0,297468.0,106107.546875
2015-08-24,109500.0,101500.0,105500.0,104000.0,168104.0,102652.8828125
2015-08-25,111500.0,102000.0,104000.0,108500.0,205692.0,107094.5859375
2015-08-26,116500.0,109000.0,109000.0,116500.0,165999.0,114990.9609375
2015-08-27,118000.0,112500.0,117500.0,114500.0,155652.0,113016.875
2015-08-28,119000.0,115000.0,117500.0,116000.0,114864.0,114497.4453125
2015-08-31,117000.0,113500.0,116500.0,114000.0,73188.0,112523.34375
2015-09-01,116000.0,111500.0,114500.0,114500.0,93624.0,113016.875
2015-09-02,114000.0,110500.0,111500.0,113000.0,85858.0,111536.296875
2015-09-03,115000.0,111000.0,113000.0,113000.0,98836.0,111536.296875
2015-09-04,113500.0,103500.0,113000.0,106500.0,279302.0,105120.5
2015-09-07,108500.0,103500.0,105500.0,105000.0,107537.0,103639.9296875
2015-09-08,108000.0,105000.0,106500.0,108000.0,133660.0,106601.0703125
2015-09-09,112000.0,108000.0,110000.0,110500.0,134395.0,109068.6875
2015-09-10,111500.0,106000.0,109000.0,111500.0,133987.0,110055.7265625
2015-09-11,111000.0,107500.0,110000.0,107500.0,110635.0,106107.546875
2015-09-14,108500.0,104000.0,108000.0,105000.0,89860.0,103639.9296875
2015-09-15,109000.0,104000.0,105500.0,108000.0,98348.0,106601.0703125
2015-09-16,110000.0,106500.0,109500.0,107000.0,93193.0,105614.015625
2015-09-17,108500.0,104000.0,107500.0,105000.0,108690.0,103639.9296875
2015-09-18,114000.0,105500.0,106000.0,114000.0,200687.0,112523.34375
2015-09-21,113000.0,109000.0,112000.0,110000.0,69434.0,108575.15625
2015-09-22,111500.0,109000.0,110500.0,111500.0,53869.0,110055.7265625
2015-09-23,111000.0,107500.0,110000.0,107500.0,62017.0,106107.546875
2015-09-24,110000.0,107000.0,109000.0,108000.0,85955.0,106601.0703125
2015-09-25,108000.0,105000.0,108000.0,107000.0,90079.0,105614.015625
2015-09-30,106500.0,104000.0,104000.0,105000.0,83391.0,103639.9296875
2015-10-01,114000.0,105500.0,106000.0,114000.0,266409.0,112523.34375
2015-10-02,115500.0,113000.0,115000.0,114000.0,127461.0,112523.34375
2015-10-05,117000.0,112500.0,114500.0,116000.0,116999.0,114497.4453125
2015-10-06,118000.0,114500.0,117500.0,117000.0,67013.0,115484.4921875
2015-10-07,117000.0,110000.0,117000.0,111500.0,74177.0,110055.7265625
2015-10-08,113000.0,106000.0,112500.0,109000.0,147341.0,107588.1171875
2015-10-12,112000.0,107000.0,109000.0,110500.0,80715.0,109068.6875
2015-10-13,113500.0,109000.0,110500.0,113500.0,107854.0,112029.828125
2015-10-14,113500.0,110000.0,113000.0,111500.0,88820.0,110055.7265625
2015-10-15,112000.0,106500.0,110500.0,107500.0,149645.0,106107.546875
2015-10-16,109000.0,104500.0,109000.0,104500.0,203125.0,103146.3984375
2015-10-19,106000.0,101500.0,105500.0,103000.0,235301.0,101665.828125
2015-10-20,105500.0,102000.0,104500.0,105000.0,101791.0,103639.9296875
2015-10-21,106500.0,102500.0,104000.0,103500.0,92817.0,102159.3515625
2015-10-22,104000.0,101000.0,103500.0,101500.0,162637.0,100185.2578125
2015-10-23,106000.0,102500.0,103500.0,104500.0,169266.0,103146.3984375
2015-10-26,109000.0,105000.0,105000.0,108000.0,188623.0,106601.0703125
2015-10-27,109000.0,106000.0,108000.0,108000.0,78388.0,106601.0703125
2015-10-28,111000.0,107000.0,107500.0,110500.0,90671.0,109068.6875
2015-10-29,111000.0,107500.0,110500.0,108500.0,68130.0,107094.5859375
2015-10-30,107500.0,103500.0,107000.0,104000.0,146848.0,102652.8828125
2015-11-02,105500.0,101000.0,104000.0,102500.0,145790.0,101172.3125
2015-11-03,106000.0,103000.0,103000.0,106000.0,65169.0,104626.96875
2015-11-04,109500.0,105000.0,106500.0,109500.0,134049.0,108081.640625
2015-11-05,111000.0,107500.0,109500.0,111000.0,130849.0,109562.203125
2015-11-06,112000.0,106500.0,111500.0,107000.0,126976.0,105614.015625
2015-11-09,115500.0,110000.0,111000.0,113000.0,411967.0,111536.296875
2015-11-10,113500.0,111000.0,112000.0,112000.0,142814.0,110549.2578125
2015-11-11,112500.0,108000.0,111500.0,109500.0,77629.0,108081.640625
2015-11-12,110500.0,106500.0,110500.0,108500.0,102865.0,107094.5859375
2015-11-13,109500.0,104500.0,106500.0,109500.0,101540.0,108081.640625
2015-11-16,107500.0,104500.0,106000.0,105000.0,78470.0,103639.9296875
2015-11-17,107500.0,105500.0,106500.0,106500.0,53061.0,105120.5
2015-11-18,109000.0,105500.0,106500.0,109000.0,64870.0,107588.1171875
2015-11-19,110500.0,107000.0,110000.0,110500.0,90154.0,109068.6875
2015-11-20,111000.0,108500.0,110500.0,108500.0,38069.0,107094.5859375
2015-11-23,115500.0,108000.0,108500.0,115500.0,148351.0,114003.9140625
2015-11-24,120000.0,114500.0,115000.0,118000.0,153343.0,116471.53125
2015-11-25,119000.0,117000.0,118000.0,117000.0,89193.0,115484.4921875
2015-11-26,123000.0,118500.0,119000.0,119500.0,120695.0,117952.109375
2015-11-27,122500.0,118500.0,122000.0,120500.0,87889.0,118939.1484375
2015-11-30,119500.0,116000.0,119500.0,116000.0,82775.0,114497.4453125
2015-12-01,124500.0,116000.0,116500.0,124500.0,186511.0,122887.3359375
2015-12-02,127000.0,122000.0,124000.0,125000.0,165233.0,123380.8671875
2015-12-03,124500.0,120500.0,123000.0,122000.0,75952.0,120419.71875
2015-12-04,123000.0,120500.0,120500.0,122000.0,41859.0,120419.71875
2015-12-07,126000.0,122000.0,123500.0,124000.0,120293.0,122393.8125
2015-12-08,124500.0,120500.0,123500.0,123000.0,84738.0,121406.7734375
2015-12-09,123500.0,120500.0,122000.0,122500.0,61379.0,120913.2421875
2015-12-10,124000.0,121500.0,123000.0,123500.0,69410.0,121900.296875
2015-12-11,124000.0,117500.0,124000.0,118000.0,106632.0,116471.53125
2015-12-14,118000.0,114000.0,115000.0,114500.0,131219.0,113016.875
2015-12-15,118000.0,114500.0,114500.0,115500.0,92536.0,114003.9140625
2015-12-16,121500.0,116000.0,116000.0,120500.0,124721.0,118939.1484375
2015-12-17,123500.0,120000.0,122500.0,122000.0,108501.0,120419.71875
2015-12-18,124000.0,120500.0,121000.0,124000.0,89838.0,122393.8125
2015-12-21,125500.0,123000.0,124500.0,125000.0,105927.0,123380.8671875
2015-12-22,125000.0,121000.0,125000.0,123500.0,83099.0,121900.296875
2015-12-23,127000.0,121000.0,125000.0,123000.0,129986.0,121406.7734375
2015-12-24,123500.0,118500.0,123000.0,119000.0,100024.0,117458.5859375
2015-12-28,121000.0,116500.0,119000.0,117500.0,113047.0,115978.015625
2015-12-29,125500.0,118000.0,118000.0,125000.0,124858.0,123749.484375
2015-12-30,128500.0,125000.0,126500.0,126000.0,113441.0,124739.4765625
2016-01-04,127000.0,123000.0,127000.0,123500.0,85069.0,122264.4921875
2016-01-05,126500.0,121000.0,121500.0,125000.0,68999.0,123749.484375
2016-01-06,134000.0,124500.0,124500.0,131000.0,211050.0,129689.453125
2016-01-07,132500.0,127000.0,132000.0,130000.0,108609.0,128699.4609375
2016-01-08,129500.0,124000.0,127500.0,129000.0,131433.0,127709.46875
2016-01-11,132000.0,124500.0,127500.0,124500.0,96629.0,123254.4765625
2016-01-12,127000.0,120500.0,124500.0,121500.0,112352.0,120284.5
2016-01-13,127000.0,121500.0,122500.0,127000.0,130447.0,125729.4765625
2016-01-14,129000.0,124000.0,124000.0,129000.0,121406.0,127709.46875
2016-01-15,130500.0,125000.0,129000.0,126000.0,148253.0,124739.4765625
2016-01-18,127500.0,123000.0,124500.0,125500.0,77620.0,124244.4765625
2016-01-19,133000.0,124500.0,125500.0,131500.0,199627.0,130184.453125
2016-01-20,132500.0,124500.0,130000.0,129000.0,175244.0,127709.46875
2016-01-21,130000.0,125500.0,128500.0,126000.0,88576.0,124739.4765625
2016-01-22,131500.0,126500.0,126500.0,131500.0,107410.0,130184.453125
2016-01-25,141500.0,131000.0,133500.0,138500.0,249623.0,137114.421875
2016-01-26,138500.0,134000.0,136000.0,138000.0,124358.0,136619.421875
2016-01-27,141000.0,131500.0,138000.0,132000.0,227329.0,130679.4609375
2016-01-28,134000.0,130000.0,131000.0,133000.0,116951.0,131669.453125
2016-01-29,134500.0,129500.0,132500.0,134000.0,125386.0,132659.453125
2016-02-01,135000.0,128500.0,135000.0,130000.0,191178.0,128699.4609375
2016-02-02,132500.0,128000.0,128500.0,130000.0,100633.0,128699.4609375
2016-02-03,129000.0,123500.0,128500.0,125500.0,199555.0,124244.4765625
2016-02-04,128500.0,125000.0,126000.0,126000.0,106947.0,124739.4765625
2016-02-05,123000.0,116500.0,120500.0,121000.0,439601.0,119789.5
2016-02-11,118500.0,112500.0,117500.0,112500.0,182061.0,111374.53125
2016-02-12,115000.0,105500.0,112500.0,107000.0,353446.0,105929.5546875
2016-02-15,114000.0,109000.0,110000.0,110500.0,290461.0,109394.546875
2016-02-16,112500.0,110000.0,112000.0,112000.0,174441.0,110879.5390625
2016-02-17,112000.0,105500.0,111000.0,106500.0,200895.0,105434.5625
2016-02-18,110500.0,104500.0,107500.0,107500.0,293819.0,106424.5546875
2016-02-19,111000.0,106500.0,107500.0,110500.0,130086.0,109394.546875
2016-02-22,114000.0,109500.0,111500.0,112500.0,170724.0,111374.53125
2016-02-23,113000.0,106000.0,113000.0,109000.0,291065.0,107909.546875
2016-02-24,110500.0,107000.0,107500.0,107500.0,123861.0,106424.5546875
2016-02-25,113000.0,108500.0,108500.0,112500.0,193249.0,111374.53125
2016-02-26,113500.0,110500.0,113000.0,111000.0,97875.0,109889.5390625
2016-02-29,117500.0,110500.0,111500.0,116500.0,260868.0,115334.515625
2016-03-02,119000.0,115000.0,117000.0,117500.0,232206.0,116324.515625
2016-03-03,118500.0,116000.0,118000.0,118000.0,116122.0,116819.5078125
2016-03-04,118500.0,114000.0,117500.0,117500.0,209446.0,116324.515625
2016-03-07,117500.0,114000.0,117000.0,114500.0,169037.0,113354.5234375
2016-03-08,117500.0,112500.0,114500.0,115500.0,193655.0,114344.5234375
2016-03-09,117000.0,112000.0,115000.0,113000.0,238470.0,111869.53125
2016-03-10,115500.0,111500.0,113000.0,114500.0,149865.0,113354.5234375
2016-03-11,114500.0,110500.0,114000.0,111500.0,151740.0,110384.5390625
2016-03-14,116000.0,109500.0,112000.0,116000.0,268654.0,114839.5234375
2016-03-15,118000.0,114000.0,117000.0,116000.0,192641.0,114839.5234375
2016-03-16,117000.0,113500.0,115500.0,115000.0,148796.0,113849.5234375
2016-03-17,116500.0,113500.0,115000.0,114500.0,158681.0,113354.5234375
2016-03-18,115000.0,110500.0,114500.0,111000.0,287132.0,109889.5390625
2016-03-21,112000.0,108500.0,111000.0,109000.0,161346.0,107909.546875
2016-03-22,110000.0,106000.0,108500.0,107000.0,298208.0,105929.5546875
2016-03-23,109000.0,106500.0,107000.0,107500.0,163173.0,106424.5546875
2016-03-24,108000.0,106000.0,106500.0,106500.0,123341.0,105434.5625
2016-03-25,107500.0,105500.0,106500.0,105500.0,152518.0,104444.5625
2016-03-28,106500.0,102500.0,106000.0,103000.0,183408.0,101969.578125
2016-03-29,105000.0,100000.0,104000.0,102500.0,247332.0,101474.5703125
2016-03-30,102500.0,98300.0,102000.0,99300.0,246878.0,98306.5859375
2016-03-31,101000.0,97300.0,99700.0,98700.0,252871.0,97712.5859375
2016-04-01,101000.0,98600.0,99500.0,101000.0,224188.0,99989.5859375
2016-04-04,101500.0,97000.0,100500.0,97000.0,264321.0,96029.59375
2016-04-05,101000.0,96200.0,101000.0,96300.0,334669.0,95336.6015625
2016-04-06,106500.0,97300.0,97900.0,105500.0,657720.0,104444.5625
2016-04-07,105500.0,100500.0,104000.0,102500.0,351858.0,101474.5703125
2016-04-08,105000.0,101500.0,102500.0,103500.0,218399.0,102464.5703125
2016-04-11,105500.0,102500.0,104500.0,102500.0,164638.0,101474.5703125
2016-04-12,103500.0,99900.0,102500.0,101500.0,165114.0,100484.578125
2016-04-14,102000.0,98000.0,101500.0,98100.0,368608.0,97118.59375
2016-04-15,99300.0,98000.0,98600.0,98800.0,206992.0,97811.5859375
2016-04-18,105500.0,99100.0,99500.0,104500.0,369399.0,103454.5625
2016-04-19,105000.0,103000.0,104500.0,104000.0,128669.0,102959.5703125
2016-04-20,108500.0,103500.0,104500.0,108000.0,287142.0,106919.546875
2016-04-21,110000.0,106000.0,107500.0,110000.0,284702.0,108899.5390625
2016-04-22,110000.0,108000.0,109000.0,109000.0,129257.0,107909.546875
2016-04-25,113500.0,107000.0,109500.0,113500.0,210798.0,112364.5234375
2016-04-26,114000.0,111500.0,113500.0,113000.0,144357.0,111869.53125
2016-04-27,112500.0,109500.0,112000.0,111500.0,157914.0,110384.5390625
2016-04-28,113500.0,111500.0,113500.0,112000.0,107553.0,110879.5390625
2016-04-29,114500.0,111000.0,112000.0,114500.0,121915.0,113354.5234375
2016-05-02,115000.0,111000.0,114500.0,111500.0,94441.0,110384.5390625
2016-05-03,114000.0,111500.0,112000.0,113000.0,116460.0,111869.53125
2016-05-04,113000.0,111000.0,112000.0,112000.0,91912.0,110879.5390625
2016-05-09,116000.0,112000.0,112000.0,114500.0,267711.0,113354.5234375
2016-05-10,121000.0,117000.0,119500.0,120500.0,514576.0,119294.5
2016-05-11,123500.0,119500.0,120500.0,121500.0,224892.0,120284.5
2016-05-12,121500.0,119500.0,120500.0,121500.0,87321.0,120284.5
2016-05-13,121000.0,118500.0,120000.0,119000.0,99922.0,117809.5
2016-05-16,121000.0,117500.0,118500.0,118000.0,91644.0,116819.5078125
2016-05-17,118500.0,116000.0,118000.0,117500.0,81799.0,116324.515625
2016-05-18,117000.0,115000.0,116500.0,115000.0,98512.0,113849.5234375
2016-05-19,115500.0,112000.0,115500.0,113000.0,126663.0,111869.53125
2016-05-20,116500.0,112500.0,113500.0,114500.0,90190.0,113354.5234375
2016-05-23,120000.0,115000.0,115500.0,119000.0,132734.0,117809.5
2016-05-24,118500.0,114000.0,118500.0,115000.0,133329.0,113849.5234375
2016-05-25,118000.0,115000.0,115500.0,115500.0,60250.0,114344.5234375
2016-05-26,116000.0,114000.0,116000.0,114500.0,64478.0,113354.5234375
2016-05-27,116000.0,114000.0,115000.0,115000.0,48992.0,113849.5234375
2016-05-30,115500.0,113500.0,115000.0,114500.0,109801.0,113354.5234375
2016-05-31,115500.0,113500.0,114000.0,114000.0,110312.0,112859.53125
2016-06-01,117500.0,114500.0,115000.0,116000.0,72620.0,114839.5234375
2016-06-02,116000.0,111500.0,115500.0,112500.0,200884.0,111374.53125
2016-06-03,113500.0,110000.0,112000.0,112500.0,226943.0,111374.53125
2016-06-07,115000.0,111500.0,113000.0,115000.0,80493.0,113849.5234375
2016-06-08,115000.0,112500.0,114500.0,114500.0,76932.0,113354.5234375
2016-06-09,116000.0,110500.0,113500.0,111000.0,144831.0,109889.5390625
2016-06-10,111500.0,109000.0,109500.0,110500.0,108569.0,109394.546875
2016-06-13,110500.0,108000.0,110500.0,109000.0,71233.0,107909.546875
2016-06-14,111500.0,108500.0,109500.0,110500.0,54186.0,109394.546875
2016-06-15,111500.0,108500.0,110500.0,109000.0,48520.0,107909.546875
2016-06-16,110000.0,108000.0,109000.0,108500.0,102399.0,107414.5546875
2016-06-17,110500.0,107000.0,110000.0,107500.0,73210.0,106424.5546875
2016-06-20,110500.0,107500.0,108000.0,109000.0,50586.0,107909.546875
2016-06-21,109500.0,107500.0,108500.0,109000.0,57652.0,107909.546875
2016-06-22,110000.0,107500.0,108500.0,108000.0,56333.0,106919.546875
2016-06-23,108000.0,104000.0,107500.0,105000.0,110891.0,103949.5703125
2016-06-24,106500.0,99100.0,105500.0,101000.0,261066.0,99989.5859375
2016-06-27,101500.0,97100.0,97100.0,100500.0,152682.0,99494.578125
2016-06-28,102000.0,99300.0,99500.0,100500.0,80466.0,99494.578125
2016-06-29,105500.0,101000.0,101000.0,104000.0,99710.0,102959.5703125
2016-06-30,105000.0,102000.0,104500.0,103500.0,58671.0,102464.5703125
2016-07-01,104500.0,101500.0,104000.0,101500.0,112543.0,100484.578125
2016-07-04,102500.0,101000.0,102000.0,102000.0,49878.0,100979.578125
2016-07-05,102000.0,95500.0,101000.0,95500.0,452688.0,94544.609375
2016-07-06,97000.0,91400.0,95700.0,91700.0,421975.0,90782.625
2016-07-07,93300.0,91500.0,92500.0,92000.0,173903.0,91079.625
2016-07-08,93500.0,91600.0,92100.0,93100.0,186073.0,92168.6171875
2016-07-11,93000.0,90600.0,92900.0,91800.0,193354.0,90881.6171875
2016-07-12,92600.0,90800.0,92000.0,91600.0,144440.0,90683.6171875
2016-07-13,92800.0,91100.0,91700.0,91400.0,204965.0,90485.625
2016-07-14,91300.0,89000.0,91100.0,89500.0,250226.0,88604.625
2016-07-15,90100.0,88100.0,89900.0,88300.0,210829.0,87416.6328125
2016-07-18,89300.0,85200.0,87500.0,88800.0,268745.0,87911.6328125
2016-07-19,93600.0,89400.0,89400.0,93500.0,359003.0,92564.609375
2016-07-20,97600.0,93700.0,94900.0,95300.0,422514.0,94346.6015625
2016-07-21,96400.0,92800.0,96400.0,93100.0,184085.0,92168.6171875
2016-07-22,94200.0,93200.0,94100.0,94000.0,87777.0,93059.609375
2016-07-25,96000.0,91700.0,95100.0,91700.0,161699.0,90782.625
2016-07-26,92900.0,91000.0,91700.0,92100.0,122306.0,91178.6171875
2016-07-27,92000.0,89900.0,91900.0,90600.0,181031.0,89693.6171875
2016-07-28,92200.0,89600.0,90200.0,90500.0,150039.0,89594.625
2016-07-29,91900.0,90700.0,91100.0,91700.0,133040.0,90782.625
2016-08-01,91700.0,87200.0,91700.0,88000.0,312878.0,87119.6328125
2016-08-02,88900.0,81600.0,88200.0,83500.0,719556.0,82664.65625
2016-08-03,83000.0,81600.0,82800.0,82000.0,323671.0,81179.65625
2016-08-04,85300.0,82400.0,82400.0,83800.0,226466.0,82961.65625
2016-08-05,83300.0,80200.0,82400.0,80300.0,402017.0,79496.6640625
2016-08-08,85700.0,80500.0,80500.0,85700.0,332921.0,84842.640625
2016-08-09,87400.0,85100.0,86200.0,87300.0,246890.0,86426.640625
2016-08-10,89500.0,87600.0,88000.0,88700.0,218756.0,87812.6328125
2016-08-11,89600.0,87500.0,89000.0,88600.0,135982.0,87713.6328125
2016-08-12,89400.0,86400.0,89000.0,88300.0,116858.0,87416.6328125
2016-08-16,92200.0,89100.0,89400.0,91500.0,254032.0,90584.6171875
2016-08-17,91600.0,88500.0,91600.0,91300.0,197056.0,90386.625
2016-08-18,92200.0,89700.0,91300.0,89900.0,106313.0,89000.625
2016-08-19,90700.0,88600.0,89300.0,88800.0,95350.0,87911.6328125
2016-08-22,88600.0,86300.0,88500.0,86700.0,161092.0,85832.640625
2016-08-23,88100.0,85800.0,85900.0,87300.0,100743.0,86426.640625
2016-08-24,87500.0,85400.0,87500.0,86500.0,146230.0,85634.6484375
2016-08-25,86400.0,83300.0,86400.0,83500.0,243686.0,82664.65625
2016-08-26,84600.0,81800.0,83900.0,83800.0,142656.0,82961.65625
2016-08-29,84300.0,82100.0,83600.0,82100.0,151976.0,81278.6640625
2016-08-30,83000.0,81400.0,82300.0,81500.0,161967.0,80684.6640625
2016-08-31,82800.0,80800.0,82200.0,82500.0,190474.0,81674.65625
2016-09-01,82900.0,81800.0,82800.0,82700.0,78620.0,81872.65625
2016-09-02,83400.0,81100.0,82800.0,82100.0,219876.0,81278.6640625
2016-09-05,85800.0,82600.0,82800.0,85800.0,226748.0,84941.640625
2016-09-06,86200.0,84700.0,86100.0,85100.0,98934.0,84248.640625
2016-09-07,85600.0,83000.0,85300.0,83700.0,149048.0,82862.6484375
2016-09-08,83600.0,82200.0,83200.0,83000.0,98077.0,82169.65625
2016-09-09,84000.0,82200.0,83000.0,83000.0,72971.0,82169.65625
2016-09-12,82600.0,81100.0,81300.0,81300.0,84312.0,80486.6640625
2016-09-13,82400.0,81300.0,82000.0,81500.0,62173.0,80684.6640625
2016-09-19,84100.0,82000.0,82400.0,84000.0,92906.0,83159.6484375
2016-09-20,83900.0,81700.0,83900.0,82500.0,118885.0,81674.65625
2016-09-21,84700.0,81900.0,82600.0,84000.0,146985.0,83159.6484375
2016-09-22,85900.0,82600.0,84100.0,85600.0,224943.0,84743.6484375
2016-09-23,87200.0,85100.0,85600.0,87100.0,177317.0,86228.6328125
2016-09-26,87200.0,86000.0,86500.0,86000.0,111118.0,85139.640625
2016-09-27,86300.0,85000.0,85100.0,85900.0,104888.0,85040.6484375
2016-09-28,86600.0,85800.0,86400.0,85900.0,98725.0,85040.6484375
2016-09-29,86400.0,82600.0,85900.0,85300.0,208271.0,84446.6484375
2016-09-30,84800.0,83500.0,84800.0,83700.0,152100.0,82862.6484375
2016-10-04,84600.0,82700.0,83600.0,84600.0,189952.0,83753.6484375
2016-10-05,84500.0,82900.0,84400.0,83000.0,176404.0,82169.65625
2016-10-06,83100.0,81700.0,83000.0,82000.0,152142.0,81179.65625
2016-10-07,82000.0,80000.0,81800.0,80100.0,242814.0,79298.671875
2016-10-10,80700.0,79100.0,80000.0,79500.0,135047.0,78704.671875
2016-10-11,79500.0,75800.0,79300.0,76600.0,418369.0,75833.6875
2016-10-12,78100.0,76100.0,76900.0,76800.0,163775.0,76031.6796875
2016-10-13,76600.0,73500.0,76600.0,74200.0,320230.0,73457.6953125
2016-10-14,73900.0,71600.0,73600.0,73300.0,209229.0,72566.6953125
2016-10-17,74100.0,72000.0,73400.0,72200.0,123244.0,71477.703125
2016-10-18,73000.0,71100.0,71200.0,72200.0,261174.0,71477.703125
2016-10-19,73100.0,71700.0,72000.0,72100.0,135905.0,71378.6953125
2016-10-20,72700.0,71100.0,72200.0,71500.0,103590.0,70784.703125
2016-10-21,71900.0,70200.0,71200.0,70600.0,103464.0,69893.703125
2016-10-24,70900.0,70100.0,70800.0,70900.0,132132.0,70190.703125
2016-10-25,70400.0,67800.0,70200.0,68600.0,208239.0,67913.7109375
2016-10-26,69800.0,67800.0,67900.0,68800.0,152606.0,68111.71875
2016-10-27,71600.0,68500.0,68500.0,71000.0,164205.0,70289.703125
2016-10-28,71000.0,69000.0,70900.0,69700.0,61509.0,69002.7109375
2016-10-31,69100.0,67300.0,69000.0,67800.0,167101.0,67121.71875
2016-11-01,68000.0,66700.0,67200.0,67800.0,80461.0,67121.71875
2016-11-02,68000.0,64600.0,67000.0,65400.0,224164.0,64745.73046875
2016-11-03,66900.0,65100.0,65400.0,66600.0,103132.0,65933.71875
2016-11-04,66900.0,65000.0,66400.0,66600.0,94318.0,65933.71875
2016-11-07,70800.0,66600.0,66600.0,70600.0,192302.0,69893.703125
2016-11-08,73100.0,70200.0,70700.0,71500.0,205950.0,70784.703125
2016-11-09,72200.0,66600.0,72100.0,68000.0,253364.0,67319.71875
2016-11-10,70400.0,68900.0,69000.0,69100.0,145934.0,68408.71875
2016-11-11,69900.0,66600.0,68100.0,66700.0,143741.0,66032.7265625
2016-11-14,67000.0,65400.0,66300.0,65500.0,105531.0,64844.7265625
2016-11-15,65700.0,64400.0,65500.0,64400.0,115226.0,63755.734375
2016-11-16,66200.0,64600.0,64600.0,65500.0,104610.0,64844.7265625
2016-11-17,66200.0,64600.0,64800.0,65800.0,76830.0,65141.7265625
2016-11-18,65800.0,64000.0,65800.0,64100.0,88174.0,63458.734375
2016-11-21,63500.0,61200.0,63300.0,61300.0,182644.0,60686.74609375
2016-11-22,62000.0,59700.0,61200.0,60800.0,158210.0,60191.74609375
2016-11-23,61200.0,60000.0,60500.0,61000.0,90062.0,60389.74609375
2016-11-24,60800.0,57800.0,60500.0,58700.0,153976.0,58112.7578125
2016-11-25,60900.0,58300.0,58300.0,60000.0,101813.0,59399.75
2016-11-28,60500.0,58000.0,59600.0,58500.0,92679.0,57914.7578125
2016-11-29,61100.0,58000.0,58000.0,60300.0,131751.0,59696.75
2016-11-30,61900.0,60000.0,60300.0,60900.0,122050.0,60290.75
2016-12-01,61900.0,60700.0,60900.0,61500.0,77024.0,60884.74609375
2016-12-02,61400.0,59200.0,61000.0,60000.0,114723.0,59399.75
2016-12-05,60000.0,58600.0,60000.0,58600.0,93494.0,58013.7578125
2016-12-06,61800.0,58600.0,58600.0,61700.0,107954.0,61082.7421875
2016-12-07,62200.0,60300.0,61100.0,60600.0,161117.0,59993.75
2016-12-08,62100.0,60700.0,60700.0,61500.0,84766.0,60884.74609375
2016-12-09,62900.0,61200.0,61500.0,62700.0,176188.0,62072.73828125
2016-12-12,66400.0,62800.0,63600.0,66300.0,192077.0,65636.7265625
2016-12-13,67200.0,65100.0,66200.0,66800.0,111058.0,66131.7265625
2016-12-14,67300.0,65700.0,67000.0,66800.0,111977.0,66131.7265625
2016-12-15,67700.0,65500.0,66300.0,67400.0,69839.0,66725.71875
2016-12-16,67900.0,66300.0,67600.0,66600.0,81531.0,65933.71875
2016-12-19,69100.0,66500.0,66600.0,69000.0,128330.0,68309.7109375
2016-12-20,69100.0,66700.0,69000.0,67100.0,137864.0,66428.71875
2016-12-21,67800.0,65600.0,67400.0,65600.0,119135.0,64943.7265625
2016-12-22,66800.0,64400.0,65700.0,65500.0,89577.0,64844.7265625
2016-12-23,66100.0,64700.0,64700.0,65600.0,54822.0,64943.7265625
2016-12-26,66900.0,65700.0,65700.0,66500.0,60030.0,65834.7265625
2016-12-27,67400.0,66400.0,67200.0,67200.0,68822.0,66527.71875
2016-12-28,69000.0,66500.0,66500.0,68800.0,111277.0,68468.3203125
2016-12-29,70900.0,68400.0,68800.0,70400.0,108263.0,70060.609375
2017-01-02,70300.0,68500.0,70300.0,69000.0,87064.0,68667.3515625
2017-01-03,69700.0,67800.0,68500.0,68000.0,107394.0,67672.1796875
2017-01-04,71300.0,68900.0,69100.0,71000.0,239628.0,70657.7109375
2017-01-05,74800.0,70800.0,71500.0,74400.0,251669.0,74041.3203125
2017-01-06,75500.0,73800.0,74400.0,74600.0,158120.0,74240.359375
2017-01-09,74500.0,71200.0,73800.0,71700.0,200109.0,71354.3359375
2017-01-10,74200.0,71800.0,72300.0,72900.0,138242.0,72548.5546875
2017-01-11,73700.0,72000.0,72600.0,72300.0,67639.0,71951.4453125
2017-01-12,72700.0,70800.0,72300.0,70800.0,63235.0,70458.6796875
2017-01-13,73800.0,70800.0,70800.0,71300.0,161997.0,70956.265625
2017-01-16,72500.0,71000.0,71600.0,71300.0,65080.0,70956.265625
2017-01-17,74300.0,71500.0,72400.0,71500.0,158812.0,71155.3046875
2017-01-18,77700.0,71800.0,71800.0,76900.0,325499.0,76529.265625
2017-01-19,78500.0,76200.0,77500.0,78200.0,288406.0,77823.0
2017-01-20,78700.0,77000.0,78300.0,78400.0,125928.0,78022.0390625
2017-01-23,78800.0,77300.0,78800.0,78100.0,85121.0,77723.484375
2017-01-24,78400.0,75500.0,78400.0,77100.0,117362.0,76728.3046875
2017-01-25,77600.0,75100.0,76700.0,75800.0,67627.0,75434.5703125
2017-01-26,77200.0,75300.0,76300.0,76700.0,80525.0,76330.234375
2017-01-31,80200.0,76200.0,76700.0,79400.0,213149.0,79017.21875
2017-02-01,80700.0,77900.0,79600.0,79100.0,115282.0,78718.6640625
2017-02-02,80300.0,78000.0,78900.0,78100.0,108995.0,77723.484375
2017-02-03,79500.0,78100.0,78400.0,79200.0,109862.0,78818.1796875
2017-02-06,80300.0,78000.0,79000.0,78200.0,97672.0,77823.0
2017-02-07,78700.0,76900.0,78700.0,78000.0,69199.0,77623.96875
2017-02-08,78600.0,75400.0,77400.0,78600.0,103910.0,78221.0703125
2017-02-09,78500.0,76400.0,78100.0,76400.0,204488.0,76031.6796875
2017-02-10,79300.0,75300.0,77400.0,75600.0,314645.0,75235.5390625
2017-02-13,76800.0,75200.0,76000.0,76800.0,82730.0,76429.75
2017-02-14,76800.0,74700.0,76800.0,75000.0,152325.0,74638.4296875
2017-02-15,76500.0,74900.0,75000.0,75800.0,103080.0,75434.5703125
2017-02-16,77200.0,75500.0,76200.0,77100.0,99388.0,76728.3046875
2017-02-17,79100.0,77000.0,77100.0,78500.0,152270.0,78121.5546875
2017-02-20,79100.0,77700.0,78700.0,77900.0,60892.0,77524.4453125
2017-02-21,78400.0,77600.0,78300.0,78400.0,69392.0,78022.0390625
2017-02-22,78500.0,75500.0,78400.0,76000.0,142339.0,75633.609375
2017-02-23,76600.0,75300.0,76100.0,75900.0,107380.0,75534.09375
2017-02-24,76900.0,75500.0,75500.0,76500.0,84772.0,76131.1953125
2017-02-27,76600.0,75500.0,76600.0,76000.0,53805.0,75633.609375
2017-02-28,76300.0,74400.0,76300.0,74700.0,112819.0,74339.875
2017-03-02,74600.0,69000.0,74500.0,69400.0,447455.0,69065.4296875
2017-03-03,69900.0,66300.0,69400.0,69200.0,198271.0,68866.390625
2017-03-06,69900.0,67500.0,69000.0,69300.0,86823.0,68965.90625
2017-03-07,71300.0,68700.0,68700.0,70700.0,111786.0,70359.15625
2017-03-08,71800.0,70700.0,70700.0,71200.0,68023.0,70856.75
2017-03-09,74100.0,71500.0,71900.0,72400.0,144819.0,72050.9609375
2017-03-10,75500.0,72600.0,73000.0,75300.0,205281.0,74936.984375
2017-03-13,77000.0,74900.0,76100.0,75300.0,144928.0,74936.984375
2017-03-14,76700.0,72700.0,76700.0,73000.0,167297.0,72648.0703125
2017-03-15,73100.0,70000.0,73000.0,70100.0,220996.0,69762.0546875
2017-03-16,71600.0,69700.0,70400.0,71300.0,128714.0,70956.265625
2017-03-17,73300.0,71500.0,71500.0,72500.0,106502.0,72150.484375
2017-03-20,73400.0,70800.0,73400.0,71200.0,77494.0,70856.75
2017-03-21,75800.0,72000.0,72000.0,75400.0,301882.0,75036.5
2017-03-22,76400.0,73500.0,74600.0,73800.0,126640.0,73444.2109375
2017-03-23,75700.0,73900.0,73900.0,75300.0,98453.0,74936.984375
2017-03-24,76500.0,74900.0,75200.0,75700.0,71932.0,75335.0546875
2017-03-27,76500.0,75000.0,76100.0,75500.0,114460.0,75136.015625
2017-03-28,76000.0,73700.0,75500.0,74800.0,111816.0,74439.390625
2017-03-29,76200.0,74200.0,75300.0,75100.0,88866.0,74737.9453125
2017-03-30,75800.0,74900.0,75000.0,75600.0,47458.0,75235.5390625
2017-03-31,76500.0,74600.0,75900.0,75100.0,101184.0,74737.9453125
2017-04-03,79600.0,75300.0,75300.0,79600.0,331746.0,79216.25
2017-04-04,81600.0,79500.0,79700.0,80500.0,235205.0,80111.9140625
2017-04-05,81500.0,80000.0,80700.0,81000.0,122038.0,80609.5
2017-04-06,81200.0,80000.0,80000.0,81100.0,77206.0,80709.0234375
2017-04-07,83000.0,81400.0,81500.0,82300.0,156280.0,81903.234375
2017-04-10,82400.0,79800.0,82300.0,80200.0,114783.0,79813.359375
2017-04-11,81500.0,78100.0,80000.0,79300.0,148955.0,78917.703125
2017-04-12,81000.0,78600.0,79900.0,81000.0,121496.0,80609.5
2017-04-13,83100.0,81000.0,81200.0,83000.0,211458.0,82599.859375
2017-04-14,82900.0,80900.0,82500.0,81200.0,99901.0,80808.5390625
2017-04-17,85800.0,82100.0,82200.0,85600.0,281648.0,85187.328125
2017-04-18,87000.0,85300.0,86000.0,86300.0,207489.0,85883.953125
2017-04-19,87300.0,86000.0,86200.0,86600.0,128277.0,86182.5078125
2017-04-20,87500.0,85500.0,87000.0,86100.0,118338.0,85684.9140625
2017-04-21,88200.0,85000.0,87000.0,88200.0,204620.0,87774.7890625
2017-04-24,88600.0,85900.0,88300.0,86300.0,139782.0,85883.953125
2017-04-25,87700.0,85700.0,86600.0,86500.0,121225.0,86082.9921875
2017-04-26,87200.0,84600.0,87000.0,85300.0,136570.0,84888.7734375
2017-04-27,85700.0,84400.0,84900.0,85600.0,94403.0,85187.328125
2017-04-28,86200.0,84600.0,85500.0,85500.0,76463.0,85087.8125
2017-05-02,85600.0,82800.0,85600.0,83500.0,145810.0,83097.453125
2017-05-04,86100.0,83300.0,83500.0,86000.0,116771.0,85585.3984375
2017-05-08,86500.0,85300.0,85600.0,86200.0,90291.0,85784.4375
2017-05-10,86400.0,82200.0,86000.0,83200.0,346429.0,82798.8984375
2017-05-11,83700.0,81500.0,83500.0,83100.0,278392.0,82699.3828125
2017-05-12,83200.0,81300.0,82300.0,81700.0,203083.0,81306.1328125
2017-05-15,82800.0,79000.0,79000.0,82500.0,227158.0,82102.2734375
2017-05-16,82500.0,79900.0,82500.0,80000.0,267613.0,79614.328125
2017-05-17,80600.0,79100.0,80000.0,79900.0,185131.0,79514.8046875
2017-05-18,82300.0,79600.0,79900.0,81700.0,263468.0,81306.1328125
2017-05-19,83000.0,81200.0,81500.0,82100.0,131190.0,81704.203125
2017-05-22,82800.0,81300.0,82700.0,82600.0,160862.0,82201.7890625
2017-05-23,82900.0,81500.0,82800.0,81700.0,121081.0,81306.1328125
2017-05-24,82200.0,81200.0,82200.0,81700.0,120452.0,81306.1328125
2017-05-25,81800.0,80300.0,81700.0,80800.0,128311.0,80410.46875
2017-05-26,84500.0,81600.0,82000.0,84500.0,267671.0,84092.6328125
2017-05-29,85700.0,83300.0,85500.0,84500.0,246674.0,84092.6328125
2017-05-30,85000.0,83800.0,84900.0,84300.0,145812.0,83893.59375
2017-05-31,84900.0,84000.0,84800.0,84500.0,122232.0,84092.6328125
2017-06-01,84600.0,82600.0,84600.0,83000.0,138461.0,82599.859375
2017-06-02,82800.0,81200.0,82500.0,81700.0,235655.0,81306.1328125
2017-06-05,83000.0,81400.0,82300.0,81800.0,171240.0,81405.6484375
2017-06-07,82300.0,81000.0,82300.0,81000.0,166329.0,80609.5
2017-06-08,81400.0,79900.0,81200.0,80700.0,535974.0,80310.953125
2017-06-09,82100.0,80300.0,81100.0,80600.0,281287.0,80211.4296875
2017-06-12,80900.0,78000.0,80600.0,78400.0,258371.0,78022.0390625
2017-06-13,80000.0,78000.0,78000.0,79200.0,106887.0,78818.1796875
2017-06-14,79700.0,77300.0,79400.0,77400.0,237639.0,77026.859375
2017-06-15,77100.0,75300.0,76800.0,75900.0,224326.0,75534.09375
2017-06-16,76400.0,73500.0,76000.0,73900.0,247911.0,73543.734375
2017-06-19,73600.0,71500.0,73500.0,72600.0,269696.0,72250.0
2017-06-20,73400.0,72000.0,72500.0,72100.0,131174.0,71752.40625
2017-06-21,72900.0,70400.0,72300.0,72500.0,153830.0,72150.484375
2017-06-22,72700.0,71200.0,72600.0,72600.0,116170.0,72250.0
2017-06-23,74000.0,72800.0,73000.0,73800.0,155702.0,73444.2109375
2017-06-26,74500.0,72700.0,74500.0,72700.0,123064.0,72349.515625
2017-06-27,75200.0,72800.0,72800.0,74300.0,112917.0,73941.8046875
2017-06-28,75300.0,73600.0,74400.0,74100.0,94089.0,73742.765625
2017-06-29,74800.0,72500.0,74300.0,74200.0,153632.0,73842.2890625
2017-06-30,74200.0,73300.0,74200.0,73600.0,80034.0,73245.1796875
2017-07-03,74100.0,72800.0,73400.0,73400.0,79491.0,73046.140625
2017-07-04,73800.0,72000.0,72800.0,72300.0,113875.0,71951.4453125
2017-07-05,73300.0,72100.0,72100.0,72500.0,53691.0,72150.484375
2017-07-06,73100.0,72000.0,73000.0,72200.0,67521.0,71851.9296875
2017-07-07,72800.0,72000.0,72500.0,72200.0,58913.0,71851.9296875
2017-07-10,72800.0,70400.0,72200.0,70400.0,110467.0,70060.609375
2017-07-11,71200.0,67500.0,70300.0,67800.0,331219.0,67473.140625
2017-07-12,68600.0,66900.0,67500.0,67300.0,173064.0,66975.546875
2017-07-13,68200.0,67100.0,67100.0,67400.0,113541.0,67075.0703125
2017-07-14,68300.0,67300.0,67900.0,67600.0,112011.0,67274.1015625
2017-07-17,69400.0,66700.0,67600.0,68700.0,166449.0,68368.8046875
2017-07-18,70700.0,68800.0,69200.0,70100.0,145316.0,69762.0546875
2017-07-19,71100.0,69100.0,70700.0,69200.0,131432.0,68866.390625
2017-07-20,70700.0,69600.0,70200.0,70000.0,114335.0,69662.53125
2017-07-21,71500.0,70100.0,70700.0,70900.0,115841.0,70558.1953125
2017-07-24,71900.0,70600.0,71200.0,71700.0,99498.0,71354.3359375
2017-07-25,72400.0,70900.0,72000.0,71100.0,120511.0,70757.234375
2017-07-26,72600.0,70100.0,70100.0,71500.0,106135.0,71155.3046875
2017-07-27,71800.0,70100.0,71300.0,70600.0,126416.0,70259.640625
2017-07-28,71100.0,70100.0,70400.0,70800.0,112071.0,70458.6796875
2017-07-31,71300.0,69300.0,70800.0,69300.0,88056.0,68965.90625
2017-08-01,69600.0,67000.0,68800.0,67900.0,296051.0,67572.65625
2017-08-02,69200.0,67600.0,68200.0,68400.0,165749.0,68070.25
2017-08-03,69000.0,66800.0,68400.0,67100.0,162467.0,66776.515625
2017-08-04,69100.0,67500.0,67500.0,68600.0,149471.0,68269.28125
2017-08-07,69200.0,68200.0,69200.0,68200.0,61639.0,67871.2109375
2017-08-08,68700.0,67200.0,68300.0,68000.0,58739.0,67672.1796875
2017-08-09,69400.0,67600.0,67900.0,68500.0,58533.0,68169.765625
2017-08-10,69000.0,67500.0,68300.0,68500.0,92090.0,68169.765625
2017-08-11,67300.0,61500.0,67200.0,61900.0,502785.0,61601.58203125
2017-08-14,62000.0,59400.0,62000.0,59900.0,306744.0,59611.2265625
2017-08-16,60600.0,59600.0,60200.0,60000.0,215660.0,59710.7421875
2017-08-17,60400.0,59200.0,60100.0,59900.0,129572.0,59611.2265625
2017-08-18,60900.0,59200.0,59200.0,60500.0,125538.0,60208.33203125
2017-08-21,62300.0,60500.0,60500.0,62000.0,125405.0,61701.1015625
2017-08-22,63200.0,61600.0,62500.0,62900.0,128719.0,62596.76171875
2017-08-23,63600.0,62300.0,63000.0,62600.0,72102.0,62298.20703125
2017-08-24,65100.0,62900.0,63000.0,65000.0,192734.0,64686.640625
2017-08-25,65000.0,63600.0,64800.0,64700.0,91734.0,64388.0859375
2017-08-28,65900.0,64300.0,64300.0,65600.0,110253.0,65283.74609375
2017-08-29,65600.0,64300.0,65600.0,64900.0,67725.0,64587.12109375
2017-08-30,65300.0,63500.0,65300.0,64200.0,75787.0,63890.49609375
2017-08-31,65400.0,64100.0,64500.0,65400.0,62257.0,65084.7109375
2017-09-01,67000.0,65100.0,65400.0,66800.0,134385.0,66477.9609375
2017-09-04,65600.0,63300.0,64900.0,63300.0,184136.0,62994.8359375
2017-09-05,64300.0,62400.0,63700.0,62500.0,100277.0,62198.69140625
2017-09-06,63000.0,61100.0,62500.0,61500.0,119689.0,61203.51171875
2017-09-07,62200.0,61100.0,61500.0,61900.0,76706.0,61601.58203125
2017-09-08,63100.0,61600.0,61600.0,62000.0,66270.0,61701.1015625
2017-09-11,62800.0,61400.0,61900.0,61700.0,89128.0,61402.546875
2017-09-12,62500.0,61200.0,62100.0,61700.0,53442.0,61402.546875
2017-09-13,62000.0,60000.0,61800.0,60200.0,126187.0,59909.77734375
2017-09-14,62000.0,60200.0,60200.0,61700.0,110105.0,61402.546875
2017-09-15,63300.0,61000.0,61500.0,63100.0,159300.0,62795.796875
2017-09-18,68500.0,63800.0,63800.0,68200.0,465499.0,67871.2109375
2017-09-19,68700.0,66200.0,68300.0,67500.0,191879.0,67174.5859375
2017-09-20,68600.0,67100.0,67500.0,67700.0,151370.0,67373.625
2017-09-21,67800.0,64700.0,67700.0,64800.0,152967.0,64487.6015625
2017-09-25,64800.0,62400.0,62800.0,62400.0,80267.0,62099.171875
2017-09-26,62400.0,62400.0,62400.0,62400.0,0.0,62099.171875
2017-09-27,64400.0,62100.0,62200.0,64100.0,98227.0,63790.9765625
2017-09-28,63700.0,62500.0,63700.0,63200.0,88063.0,62895.31640625
2017-09-29,64900.0,62500.0,63100.0,64400.0,96932.0,64089.53125
2017-10-10,66100.0,64500.0,65000.0,65100.0,159759.0,64786.15625
2017-10-11,65700.0,64600.0,64800.0,65000.0,106410.0,64686.640625
2017-10-12,65000.0,63700.0,64900.0,64100.0,90718.0,63790.9765625
2017-10-13,64600.0,62700.0,63800.0,63500.0,136500.0,63193.87109375
2017-10-16,69200.0,63000.0,64100.0,68400.0,516757.0,68070.25
2017-10-17,68600.0,67200.0,68600.0,68000.0,218451.0,67672.1796875
2017-10-18,70600.0,67900.0,68700.0,69600.0,296665.0,69264.4609375
2017-10-19,71000.0,68400.0,70900.0,69700.0,169247.0,69363.9765625
2017-10-20,69200.0,67100.0,69200.0,68600.0,203891.0,68269.28125
2017-10-23,69700.0,67900.0,68200.0,69000.0,155628.0,68667.3515625
2017-10-24,69600.0,67800.0,69500.0,68500.0,112157.0,68169.765625
2017-10-25,69100.0,67100.0,68500.0,68600.0,189872.0,68269.28125
2017-10-26,70700.0,67900.0,68500.0,70000.0,332526.0,69662.53125
2017-10-27,70700.0,68200.0,70600.0,68500.0,197895.0,68169.765625
2017-10-30,69700.0,67500.0,69000.0,68500.0,146738.0,68169.765625
2017-10-31,69900.0,67800.0,68500.0,69600.0,201237.0,69264.4609375
2017-11-01,69600.0,68000.0,69000.0,68300.0,140017.0,67970.7265625
2017-11-02,68900.0,66100.0,68300.0,67000.0,160858.0,66677.0
2017-11-03,68200.0,66900.0,67000.0,67500.0,76229.0,67174.5859375
2017-11-06,68400.0,67300.0,67500.0,68300.0,91814.0,67970.7265625
2017-11-07,69300.0,67800.0,68800.0,68000.0,99116.0,67672.1796875
2017-11-08,68500.0,67200.0,67900.0,68500.0,106157.0,68169.765625
2017-11-09,69200.0,67400.0,69000.0,67400.0,140879.0,67075.0703125
2017-11-10,73900.0,69400.0,69600.0,73600.0,1093215.0,73245.1796875
2017-11-13,76500.0,73600.0,73900.0,75500.0,659021.0,75136.015625
2017-11-14,76400.0,74500.0,76400.0,75000.0,233465.0,74638.4296875
2017-11-15,75400.0,73500.0,75100.0,74900.0,227970.0,74538.9140625
2017-11-16,76900.0,74900.0,75400.0,75300.0,184818.0,74936.984375
2017-11-17,76000.0,73800.0,75000.0,74300.0,105361.0,73941.8046875
2017-11-20,75800.0,74300.0,74900.0,75300.0,116251.0,74936.984375
2017-11-21,77100.0,75400.0,75400.0,76800.0,212595.0,76429.75
2017-11-22,77400.0,75100.0,77000.0,75300.0,114763.0,74936.984375
2017-11-23,76100.0,74900.0,74900.0,75500.0,75253.0,75136.015625
2017-11-24,75500.0,74000.0,75200.0,74200.0,115228.0,73842.2890625
2017-11-27,77400.0,74100.0,74100.0,75200.0,205484.0,74837.46875
2017-11-28,75700.0,73000.0,75700.0,73100.0,136736.0,72747.5859375
2017-11-29,73300.0,70900.0,72700.0,72600.0,181963.0,72250.0
2017-11-30,73500.0,71300.0,73500.0,71400.0,127821.0,71055.78125
2017-12-01,73800.0,70600.0,71400.0,73300.0,131625.0,72946.625
2017-12-04,74000.0,72100.0,73900.0,73500.0,87202.0,73145.6640625
2017-12-05,73900.0,72400.0,73500.0,73700.0,72691.0,73344.6953125
2017-12-06,75000.0,73100.0,73800.0,73200.0,91365.0,72847.109375
2017-12-07,73700.0,71000.0,73500.0,72400.0,88385.0,72050.9609375
2017-12-08,72400.0,71100.0,72400.0,71400.0,77699.0,71055.78125
2017-12-11,72900.0,71500.0,71500.0,72400.0,98733.0,72050.9609375
2017-12-12,74200.0,72200.0,72200.0,73000.0,89787.0,72648.0703125
2017-12-13,74400.0,73000.0,73000.0,74000.0,80838.0,73643.25
2017-12-14,74400.0,72600.0,74400.0,72600.0,136474.0,72250.0
2017-12-15,73800.0,72700.0,73300.0,73200.0,63678.0,72847.109375
2017-12-18,76900.0,73400.0,73600.0,75600.0,342477.0,75235.5390625
2017-12-19,76600.0,73700.0,76200.0,74300.0,147631.0,73941.8046875
2017-12-21,75200.0,72800.0,74600.0,73300.0,80785.0,72946.625
2017-12-22,74000.0,72100.0,74000.0,73300.0,75719.0,72946.625
2017-12-26,74000.0,72400.0,73400.0,72600.0,75841.0,72250.0
2017-12-27,74500.0,72700.0,72700.0,74100.0,87573.0,74100.0
2017-12-28,75200.0,73900.0,74200.0,74200.0,99695.0,74200.0
2018-01-02,76800.0,75300.0,75700.0,75600.0,159999.0,75600.0
2018-01-03,73600.0,69200.0,73400.0,70900.0,694345.0,70900.0
2018-01-04,72800.0,71200.0,72200.0,71600.0,296912.0,71600.0
2018-01-05,72100.0,70600.0,72100.0,72100.0,147150.0,72100.0
2018-01-08,72800.0,71200.0,72800.0,71500.0,112554.0,71500.0
2018-01-09,71900.0,70500.0,71900.0,70900.0,111608.0,70900.0
2018-01-10,71100.0,70000.0,70700.0,70600.0,127912.0,70600.0
2018-01-11,71400.0,70500.0,71400.0,70500.0,103236.0,70500.0
2018-01-12,71200.0,69900.0,71200.0,70200.0,136734.0,70200.0
2018-01-15,72300.0,69600.0,70800.0,72000.0,143204.0,72000.0
2018-01-16,74300.0,72100.0,72500.0,73700.0,258387.0,73700.0
2018-01-17,74900.0,73500.0,74500.0,74700.0,182436.0,74700.0
2018-01-18,75300.0,73800.0,75200.0,73900.0,91772.0,73900.0
2018-01-19,74800.0,73400.0,73900.0,74000.0,119372.0,74000.0
2018-01-22,77400.0,74500.0,74800.0,77400.0,406121.0,77400.0
2018-01-23,78400.0,76700.0,78000.0,77400.0,204791.0,77400.0
2018-01-24,79300.0,76500.0,77400.0,78600.0,275472.0,78600.0
2018-01-25,79400.0,76200.0,78600.0,76500.0,223951.0,76500.0
2018-01-26,80100.0,76500.0,76500.0,79700.0,361491.0,79700.0
2018-01-29,80100.0,78700.0,79800.0,79000.0,120048.0,79000.0
2018-01-30,79500.0,76200.0,79300.0,76300.0,255813.0,76300.0
2018-01-31,77500.0,74900.0,75800.0,76300.0,153480.0,76300.0
2018-02-01,78500.0,76300.0,76400.0,77800.0,133573.0,77800.0
2018-02-02,77800.0,75300.0,77800.0,76100.0,127762.0,76100.0
2018-02-05,75700.0,72700.0,75000.0,72700.0,163461.0,72700.0
2018-02-06,71600.0,68000.0,69900.0,70900.0,295722.0,70900.0
2018-02-07,72000.0,68200.0,72000.0,68300.0,191870.0,68300.0
2018-02-08,70600.0,68200.0,68200.0,69800.0,149349.0,69800.0
2018-02-09,75900.0,70000.0,70400.0,75100.0,504067.0,75100.0
2018-02-12,75500.0,71800.0,75300.0,72200.0,223320.0,72200.0
2018-02-13,73100.0,70200.0,72600.0,70400.0,202085.0,70400.0
2018-02-14,72000.0,69900.0,70700.0,70500.0,105735.0,70500.0
2018-02-19,74000.0,71100.0,72000.0,73800.0,228594.0,73800.0
2018-02-20,74300.0,72600.0,73800.0,73900.0,126619.0,73900.0
2018-02-21,74100.0,72600.0,74100.0,73800.0,75657.0,73800.0
2018-02-22,73500.0,72100.0,73200.0,72200.0,71405.0,72200.0
2018-02-23,73600.0,72400.0,72900.0,73400.0,76836.0,73400.0
2018-02-26,73400.0,71000.0,73200.0,71500.0,171873.0,71500.0
2018-02-27,72000.0,70500.0,71700.0,70800.0,158801.0,70800.0
2018-02-28,71200.0,70200.0,70500.0,70700.0,94873.0,70700.0
2018-03-02,70400.0,66800.0,70100.0,68300.0,262625.0,68300.0
2018-03-05,68700.0,66600.0,68700.0,67000.0,165181.0,67000.0
2018-03-06,67700.0,66600.0,66700.0,67200.0,89034.0,67200.0
2018-03-07,67700.0,66200.0,67200.0,66400.0,94975.0,66400.0
2018-03-08,67400.0,66200.0,66400.0,66900.0,96216.0,66900.0
2018-03-09,68800.0,67000.0,67100.0,67800.0,110445.0,67800.0
2018-03-12,69100.0,67800.0,68500.0,68000.0,123911.0,68000.0
2018-03-13,68800.0,67100.0,67500.0,68300.0,112328.0,68300.0
2018-03-14,68400.0,67700.0,68100.0,68100.0,59167.0,68100.0
2018-03-15,68800.0,67800.0,68200.0,68600.0,68189.0,68600.0
2018-03-16,68900.0,67700.0,68600.0,68500.0,80333.0,68500.0
2018-03-19,68500.0,67000.0,68300.0,67200.0,97686.0,67200.0
2018-03-20,68400.0,67000.0,67000.0,67800.0,47162.0,67800.0
2018-03-21,68200.0,67400.0,67400.0,67700.0,46349.0,67700.0
2018-03-22,68600.0,67100.0,67700.0,67100.0,80688.0,67100.0
2018-03-23,66700.0,64600.0,66500.0,64700.0,143819.0,64700.0
2018-03-26,67600.0,64700.0,64800.0,66400.0,89006.0,66400.0
2018-03-27,67600.0,65900.0,66500.0,66600.0,97332.0,66600.0
2018-03-28,67400.0,65900.0,66000.0,66600.0,53893.0,66600.0
2018-03-29,67800.0,66000.0,66600.0,67800.0,66790.0,67800.0
2018-03-30,68600.0,67200.0,67800.0,68000.0,107012.0,68000.0
2018-04-02,70300.0,68000.0,68200.0,68600.0,148830.0,68600.0
2018-04-03,72900.0,68800.0,68900.0,72300.0,374241.0,72300.0
2018-04-04,73000.0,71300.0,72500.0,72200.0,205902.0,72200.0
2018-04-05,73600.0,70600.0,72300.0,70900.0,148829.0,70900.0
2018-04-06,74100.0,70900.0,70900.0,71300.0,283362.0,71300.0
2018-04-09,76300.0,72000.0,72200.0,75600.0,499483.0,75600.0
2018-04-10,75600.0,74100.0,75300.0,74200.0,150057.0,74200.0
2018-04-11,75300.0,73300.0,74200.0,74700.0,232730.0,74700.0
2018-04-12,75800.0,73200.0,74800.0,73600.0,130928.0,73600.0
2018-04-13,74900.0,73400.0,73600.0,74200.0,105324.0,74200.0
2018-04-16,75400.0,74200.0,74300.0,74700.0,119595.0,74700.0
2018-04-17,77200.0,73300.0,74500.0,76000.0,267967.0,76000.0
2018-04-18,77800.0,75400.0,76000.0,75500.0,132954.0,75500.0
2018-04-19,76000.0,73500.0,75300.0,74000.0,118487.0,74000.0
2018-04-20,75900.0,74000.0,74100.0,74900.0,98452.0,74900.0
2018-04-23,75400.0,73700.0,75400.0,74500.0,83423.0,74500.0
2018-04-24,76800.0,73900.0,76800.0,74800.0,65256.0,74800.0
2018-04-25,77900.0,73600.0,74800.0,77000.0,266357.0,77000.0
2018-04-26,78500.0,76200.0,78100.0,76700.0,197821.0,76700.0
2018-04-27,77200.0,74500.0,76200.0,74700.0,162942.0,74700.0
2018-04-30,75400.0,72800.0,75300.0,74300.0,162635.0,74300.0
2018-05-02,76100.0,74000.0,74400.0,75700.0,139175.0,75700.0
2018-05-03,76000.0,73500.0,75700.0,73500.0,98572.0,73500.0
2018-05-04,75000.0,73200.0,73400.0,73400.0,85813.0,73400.0
2018-05-08,74600.0,72400.0,73400.0,72500.0,97963.0,72500.0
2018-05-09,73400.0,71600.0,72200.0,72800.0,90903.0,72800.0
2018-05-10,72700.0,71300.0,72500.0,71400.0,158943.0,71400.0
2018-05-11,78500.0,73300.0,73600.0,77000.0,515863.0,77000.0
2018-05-14,77900.0,76700.0,77400.0,77100.0,182656.0,77100.0
2018-05-15,77800.0,75600.0,76400.0,76000.0,79039.0,76000.0
2018-05-16,78100.0,74800.0,75600.0,77300.0,199658.0,77300.0
2018-05-17,77600.0,75800.0,77300.0,76400.0,78201.0,76400.0
2018-05-18,77100.0,74700.0,77000.0,75600.0,117897.0,75600.0
2018-05-21,76100.0,72900.0,76000.0,73700.0,152870.0,73700.0
2018-05-23,73300.0,71600.0,73200.0,71700.0,176197.0,71700.0
2018-05-24,72100.0,69200.0,71500.0,70100.0,322364.0,70100.0
2018-05-25,70400.0,67900.0,70000.0,68300.0,261765.0,68300.0
2018-05-28,68700.0,66700.0,68400.0,66900.0,281402.0,66900.0
2018-05-29,68600.0,66500.0,67300.0,66700.0,232796.0,66700.0
2018-05-30,67600.0,65000.0,66800.0,65700.0,236562.0,65700.0
2018-05-31,66700.0,65200.0,66200.0,66000.0,141933.0,66000.0
2018-06-01,67100.0,65400.0,65400.0,66400.0,128090.0,66400.0
2018-06-04,66900.0,64900.0,66900.0,65600.0,212028.0,65600.0
2018-06-05,66500.0,65100.0,65400.0,66500.0,244341.0,66500.0
2018-06-07,66900.0,65400.0,66900.0,66100.0,189202.0,66100.0
2018-06-08,68400.0,66300.0,66400.0,67600.0,304716.0,67600.0
2018-06-11,68600.0,67300.0,67900.0,68000.0,118661.0,68000.0
2018-06-12,68400.0,67400.0,68300.0,68000.0,93840.0,68000.0
2018-06-14,68500.0,66100.0,68500.0,66100.0,206422.0,66100.0
2018-06-15,67000.0,65700.0,66400.0,66400.0,111769.0,66400.0
2018-06-18,66900.0,62400.0,66900.0,63100.0,267417.0,63100.0
2018-06-19,64600.0,62600.0,63300.0,62700.0,100717.0,62700.0
2018-06-20,63900.0,62100.0,62400.0,63300.0,128932.0,63300.0
2018-06-21,63700.0,61800.0,63100.0,62000.0,96748.0,62000.0
2018-06-22,64100.0,61800.0,61900.0,64000.0,117807.0,64000.0
2018-06-25,67800.0,64500.0,64600.0,67600.0,245480.0,67600.0
2018-06-26,67900.0,65900.0,67200.0,67800.0,99542.0,67800.0
2018-06-27,67700.0,66300.0,67000.0,66300.0,91870.0,66300.0
2018-06-28,67300.0,66000.0,67000.0,67200.0,63507.0,67200.0
2018-06-29,67600.0,64500.0,67500.0,67200.0,118667.0,67200.0
2018-07-02,67300.0,64800.0,66400.0,65100.0,141777.0,65100.0
2018-07-03,67800.0,66000.0,66500.0,66700.0,155239.0,66700.0
2018-07-04,67800.0,65700.0,66800.0,66000.0,113453.0,66000.0
2018-07-05,66800.0,63400.0,66100.0,64400.0,131383.0,64400.0
2018-07-06,65500.0,63400.0,63800.0,65400.0,71065.0,65400.0
2018-07-09,66900.0,65500.0,66800.0,65800.0,97681.0,65800.0
2018-07-10,66900.0,65800.0,66400.0,66400.0,115050.0,66400.0
2018-07-11,66400.0,65500.0,65800.0,66000.0,68447.0,66000.0
2018-07-12,66500.0,65000.0,66500.0,65300.0,123736.0,65300.0
2018-07-13,66400.0,65000.0,65700.0,65500.0,87774.0,65500.0
2018-07-16,65500.0,64600.0,65200.0,65300.0,90633.0,65300.0
2018-07-17,65200.0,64000.0,65100.0,64000.0,84349.0,64000.0
2018-07-18,65100.0,63700.0,63900.0,64000.0,62829.0,64000.0
2018-07-19,64700.0,62500.0,64100.0,62600.0,130888.0,62600.0
2018-07-20,63700.0,61900.0,62900.0,63100.0,112732.0,63100.0
2018-07-23,64300.0,63000.0,63900.0,63100.0,60889.0,63100.0
2018-07-24,63300.0,61600.0,62600.0,62500.0,120616.0,62500.0
2018-07-25,63100.0,60300.0,62600.0,60700.0,212246.0,60700.0
2018-07-26,61400.0,59400.0,61400.0,60100.0,201140.0,60100.0
2018-07-27,60400.0,58900.0,60100.0,59300.0,202535.0,59300.0
2018-07-30,60900.0,58900.0,59600.0,60100.0,159407.0,60100.0
2018-07-31,60800.0,59700.0,60400.0,60100.0,112765.0,60100.0
2018-08-01,61500.0,59800.0,60400.0,61200.0,145973.0,61200.0
2018-08-02,62000.0,60500.0,61500.0,60700.0,131592.0,60700.0
2018-08-03,61400.0,60300.0,61200.0,61000.0,160426.0,61000.0
2018-08-06,62900.0,61000.0,61600.0,61000.0,249405.0,61000.0
2018-08-07,61700.0,60400.0,61600.0,60600.0,129745.0,60600.0
2018-08-08,61500.0,60000.0,61100.0,60000.0,155383.0,60000.0
2018-08-09,60100.0,58200.0,60000.0,58700.0,482327.0,58700.0
2018-08-10,59600.0,57000.0,58200.0,59300.0,498310.0,59300.0
2018-08-13,58300.0,53100.0,57700.0,53200.0,895418.0,53200.0
2018-08-14,55400.0,53100.0,53100.0,55000.0,326440.0,55000.0
2018-08-16,54500.0,53200.0,54000.0,53800.0,195935.0,53800.0
2018-08-17,54500.0,52000.0,53900.0,52000.0,1951671.0,52000.0
2018-08-20,52500.0,51000.0,51700.0,51100.0,453209.0,51100.0
2018-08-21,52800.0,51200.0,51200.0,52200.0,262715.0,52200.0
2018-08-22,53300.0,51700.0,52400.0,52800.0,270855.0,52800.0
2018-08-23,53500.0,52200.0,53300.0,53000.0,226701.0,53000.0
2018-08-24,53200.0,52400.0,52800.0,52500.0,124528.0,52500.0
2018-08-27,55600.0,53600.0,53700.0,55400.0,435144.0,55400.0
2018-08-28,55600.0,54500.0,55600.0,54600.0,250042.0,54600.0
2018-08-29,55300.0,53700.0,54900.0,54100.0,164716.0,54100.0
2018-08-30,54200.0,53000.0,54100.0,53500.0,169063.0,53500.0
2018-08-31,53400.0,52500.0,53000.0,53000.0,142821.0,53000.0
2018-09-03,53900.0,52400.0,53100.0,52500.0,139502.0,52500.0
2018-09-04,53200.0,52100.0,52700.0,52900.0,97684.0,52900.0
2018-09-05,53500.0,52600.0,53200.0,52900.0,126579.0,52900.0
2018-09-06,53000.0,52400.0,52900.0,52400.0,80249.0,52400.0
2018-09-07,53100.0,52000.0,52400.0,52000.0,112620.0,52000.0
2018-09-10,51900.0,50500.0,51800.0,51000.0,239587.0,51000.0
2018-09-11,51900.0,50700.0,51100.0,51000.0,111540.0,51000.0
2018-09-12,52400.0,51000.0,51000.0,51900.0,104960.0,51900.0
2018-09-13,53000.0,52000.0,52300.0,52900.0,113698.0,52900.0
2018-09-14,55900.0,53700.0,53800.0,54700.0,382376.0,54700.0
2018-09-17,54900.0,53300.0,54900.0,53600.0,175880.0,53600.0
2018-09-18,54400.0,53000.0,53800.0,54200.0,127849.0,54200.0
2018-09-19,54000.0,52600.0,54000.0,52600.0,140671.0,52600.0
2018-09-20,53700.0,52400.0,52900.0,52500.0,134622.0,52500.0
2018-09-21,53100.0,52200.0,52200.0,52500.0,107508.0,52500.0
2018-09-27,53700.0,52400.0,52700.0,52400.0,111250.0,52400.0
2018-09-28,52500.0,51700.0,52400.0,51900.0,101171.0,51900.0
2018-10-01,52900.0,51900.0,52100.0,51900.0,106841.0,51900.0
2018-10-02,52800.0,51300.0,51800.0,51300.0,156911.0,51300.0
2018-10-04,51900.0,47200.0,51500.0,47550.0,523130.0,47550.0
2018-10-05,47800.0,46300.0,47550.0,46650.0,225259.0,46650.0
2018-10-08,46950.0,45700.0,46650.0,45750.0,169631.0,45750.0
2018-10-10,46950.0,44400.0,45450.0,44900.0,194802.0,44900.0
2018-10-11,44000.0,42100.0,43200.0,42550.0,254742.0,42550.0
2018-10-12,43650.0,42200.0,42450.0,43100.0,160227.0,43100.0
2018-10-15,43550.0,42000.0,43250.0,42200.0,172620.0,42200.0
2018-10-16,44650.0,42500.0,42550.0,43700.0,167915.0,43700.0
2018-10-17,44550.0,42900.0,44550.0,43200.0,108889.0,43200.0
2018-10-18,43450.0,42600.0,43100.0,42850.0,102131.0,42850.0
2018-10-19,43050.0,42200.0,42800.0,42500.0,128649.0,42500.0
2018-10-22,45200.0,42250.0,42300.0,45200.0,178578.0,45200.0
2018-10-23,45200.0,42950.0,45200.0,43300.0,163655.0,43300.0
2018-10-24,44700.0,42850.0,43800.0,43300.0,134843.0,43300.0
2018-10-25,42750.0,40750.0,42000.0,41450.0,192866.0,41450.0
2018-10-26,41800.0,40000.0,41450.0,40150.0,162393.0,40150.0
2018-10-29,41350.0,38900.0,39900.0,39050.0,172393.0,39050.0
2018-10-30,40350.0,38600.0,39000.0,40150.0,152073.0,40150.0
2018-10-31,40800.0,39150.0,40000.0,40350.0,75023.0,40350.0
2018-11-01,41450.0,39650.0,40500.0,39800.0,143151.0,39800.0
2018-11-02,40850.0,40000.0,40150.0,40600.0,236549.0,40600.0
2018-11-05,40550.0,38850.0,40300.0,39650.0,192576.0,39650.0
2018-11-06,41600.0,40000.0,40250.0,40750.0,221099.0,40750.0
2018-11-07,40550.0,37850.0,40550.0,38450.0,872913.0,38450.0
2018-11-08,39100.0,38300.0,38750.0,38900.0,334462.0,38900.0
2018-11-09,38450.0,37400.0,38200.0,37550.0,413457.0,37550.0
2018-11-12,37800.0,36900.0,37150.0,37500.0,208464.0,37500.0
2018-11-13,37750.0,36850.0,37000.0,37350.0,194631.0,37350.0
2018-11-14,38200.0,37350.0,37350.0,37650.0,198552.0,37650.0
2018-11-15,39300.0,37700.0,37700.0,39300.0,285763.0,39300.0
2018-11-16,40300.0,38700.0,39400.0,39400.0,243903.0,39400.0
2018-11-19,40250.0,39350.0,39650.0,40250.0,184169.0,40250.0
2018-11-20,40350.0,39300.0,39550.0,39800.0,141019.0,39800.0
2018-11-21,40750.0,38800.0,39350.0,40750.0,192713.0,40750.0
2018-11-22,41100.0,39800.0,41100.0,40000.0,135530.0,40000.0
2018-11-23,40300.0,39500.0,40050.0,39700.0,98830.0,39700.0
2018-11-26,41400.0,39900.0,39900.0,41000.0,178059.0,41000.0
2018-11-27,42100.0,40650.0,41100.0,41800.0,166661.0,41800.0
2018-11-28,42000.0,41350.0,42000.0,41750.0,74781.0,41750.0
2018-11-29,42500.0,41400.0,42100.0,41750.0,123930.0,41750.0
2018-11-30,42300.0,41250.0,41800.0,41600.0,100914.0,41600.0
2018-12-03,43000.0,41700.0,41750.0,42200.0,151112.0,42200.0
2018-12-04,42650.0,41950.0,42250.0,42200.0,87169.0,42200.0
2018-12-05,41600.0,40950.0,41400.0,41150.0,97680.0,41150.0
2018-12-06,41250.0,40200.0,41250.0,40500.0,92866.0,40500.0
2018-12-07,41100.0,39800.0,40600.0,40000.0,162105.0,40000.0
2018-12-10,40500.0,39400.0,39750.0,40500.0,102255.0,40500.0
2018-12-11,43100.0,40250.0,40250.0,43050.0,326204.0,43050.0
2018-12-12,44400.0,42700.0,43350.0,43500.0,213816.0,43500.0
2018-12-13,43750.0,42500.0,43750.0,43050.0,177356.0,43050.0
2018-12-14,43350.0,41050.0,43050.0,41950.0,124176.0,41950.0
2018-12-17,42600.0,41400.0,42000.0,42350.0,88070.0,42350.0
2018-12-18,42300.0,41650.0,41900.0,41800.0,99250.0,41800.0
2018-12-19,44000.0,41800.0,41800.0,43500.0,233718.0,43500.0
2018-12-20,44150.0,42550.0,43300.0,43900.0,159827.0,43900.0
2018-12-21,43900.0,42800.0,43900.0,42900.0,117416.0,42900.0
2018-12-24,42900.0,41800.0,42800.0,42300.0,95336.0,42300.0
2018-12-26,41650.0,40250.0,41200.0,40450.0,135173.0,40450.0
2018-12-27,41550.0,40600.0,40750.0,41100.0,86293.0,41100.0
2018-12-28,41500.0,40650.0,41200.0,41000.0,77207.0,41000.0
2019-01-02,41700.0,40100.0,41100.0,40300.0,108612.0,40300.0
2019-01-03,40800.0,40050.0,40250.0,40400.0,86441.0,40400.0
2019-01-04,40250.0,39250.0,40150.0,39850.0,128704.0,39850.0
2019-01-07,41150.0,40000.0,40000.0,40600.0,91427.0,40600.0
2019-01-08,41550.0,40350.0,41500.0,40400.0,86558.0,40400.0
2019-01-09,41800.0,40600.0,40900.0,41200.0,133341.0,41200.0
2019-01-10,41450.0,40900.0,41200.0,41300.0,74284.0,41300.0
2019-01-11,41500.0,41050.0,41200.0,41200.0,89192.0,41200.0
2019-01-14,41100.0,40250.0,41000.0,40550.0,101297.0,40550.0
2019-01-15,41450.0,40550.0,40900.0,40900.0,117082.0,40900.0
2019-01-16,41300.0,40700.0,40900.0,40800.0,82484.0,40800.0
2019-01-17,41200.0,40450.0,40900.0,40450.0,107205.0,40450.0
2019-01-18,40750.0,39050.0,40450.0,39850.0,234879.0,39850.0
2019-01-21,40250.0,39800.0,40050.0,39900.0,132887.0,39900.0
2019-01-22,40000.0,39650.0,39700.0,39700.0,97284.0,39700.0
2019-01-23,41100.0,39750.0,39750.0,40700.0,219144.0,40700.0
2019-01-24,41250.0,40450.0,40750.0,40600.0,134088.0,40600.0
2019-01-25,42800.0,40500.0,40500.0,42700.0,339379.0,42700.0
2019-01-28,43500.0,42450.0,42800.0,42900.0,192133.0,42900.0
2019-01-29,43300.0,42500.0,42850.0,43200.0,170312.0,43200.0
2019-01-30,43500.0,42100.0,43500.0,42500.0,167740.0,42500.0
2019-01-31,43000.0,42350.0,42700.0,42650.0,114564.0,42650.0
2019-02-01,43150.0,42300.0,42450.0,42550.0,99788.0,42550.0
2019-05-15,39150.0,38050.0,38600.0,38550.0,126646.0,38550.0
2019-05-17,38800.0,38050.0,38550.0,38050.0,66599.0,38050.0
2019-05-20,38300.0,36550.0,38100.0,36550.0,164131.0,36550.0
2019-05-21,36850.0,35250.0,36000.0,35500.0,290697.0,35500.0
2019-05-22,36400.0,35350.0,35650.0,35650.0,134722.0,35650.0
2019-05-23,36100.0,34800.0,35700.0,35000.0,134888.0,35000.0
2019-05-24,35750.0,34800.0,34950.0,35100.0,79285.0,35100.0
2019-05-27,36400.0,35600.0,35800.0,35900.0,99030.0,35900.0
2019-05-28,37150.0,36200.0,36300.0,36300.0,134314.0,36300.0
2019-05-29,36550.0,35200.0,36350.0,35300.0,100431.0,35300.0
2019-05-30,35600.0,34500.0,35600.0,35150.0,74581.0,35150.0
2019-05-31,35700.0,35250.0,35700.0,35400.0,78541.0,35400.0
2019-06-03,35600.0,34700.0,35500.0,34850.0,201004.0,34850.0
2019-06-04,35600.0,34750.0,35100.0,34950.0,136399.0,34950.0
2019-06-05,35550.0,34950.0,35350.0,35500.0,127789.0,35500.0
2019-06-07,36600.0,35500.0,35600.0,36150.0,167858.0,36150.0
2019-06-10,36500.0,35650.0,36500.0,35750.0,121745.0,35750.0
2019-06-11,36250.0,35700.0,35950.0,36000.0,101967.0,36000.0
2019-06-12,36600.0,36000.0,36050.0,36350.0,163094.0,36350.0
2019-06-13,36950.0,36050.0,36350.0,36650.0,192619.0,36650.0
2019-06-14,36600.0,35950.0,36500.0,36400.0,105993.0,36400.0
2019-06-17,37300.0,36400.0,36400.0,37300.0,174768.0,37300.0
2019-06-18,37500.0,36700.0,37100.0,37100.0,100169.0,37100.0
2019-06-19,37650.0,36750.0,37550.0,37200.0,111665.0,37200.0
2019-06-20,37600.0,37000.0,37200.0,37450.0,64305.0,37450.0
2019-06-21,37500.0,36850.0,37500.0,37150.0,140453.0,37150.0
2019-06-24,37500.0,36600.0,37300.0,36800.0,80607.0,36800.0
2019-06-25,37400.0,36650.0,36650.0,37150.0,82974.0,37150.0
2019-06-26,37100.0,36750.0,37000.0,36800.0,77695.0,36800.0
2019-06-27,37400.0,36800.0,36800.0,37200.0,81817.0,37200.0
2019-06-28,37750.0,37050.0,37050.0,37600.0,114479.0,37600.0
2019-07-01,38000.0,36850.0,37500.0,36900.0,97211.0,36900.0
2019-07-02,37250.0,36400.0,36700.0,36450.0,99888.0,36450.0
2019-07-03,36750.0,36000.0,36550.0,36150.0,61967.0,36150.0
2019-07-04,36550.0,35350.0,36450.0,36500.0,101537.0,36500.0
2019-07-05,36650.0,36050.0,36450.0,36450.0,81660.0,36450.0
2019-07-08,36350.0,35650.0,36000.0,35750.0,97288.0,35750.0
2019-07-09,38350.0,36100.0,36100.0,38100.0,428106.0,38100.0
2019-07-10,39600.0,37750.0,38050.0,39450.0,290559.0,39450.0
2019-07-11,39950.0,39150.0,39450.0,39450.0,173782.0,39450.0
2019-07-12,40400.0,38800.0,39200.0,40050.0,186031.0,40050.0
2019-07-15,40250.0,38400.0,40200.0,38450.0,168715.0,38450.0
2019-07-16,39150.0,37200.0,38550.0,38050.0,196722.0,38050.0
2019-07-17,38300.0,37400.0,38300.0,37750.0,92307.0,37750.0
2019-07-18,37900.0,37350.0,37800.0,37450.0,78785.0,37450.0
2019-07-19,38700.0,37300.0,37450.0,38350.0,151131.0,38350.0
2019-07-22,38600.0,38050.0,38350.0,38200.0,82816.0,38200.0
2019-07-23,38300.0,37350.0,38250.0,37700.0,130254.0,37700.0
2019-07-24,37650.0,36400.0,37600.0,36450.0,179371.0,36450.0
2019-07-25,36650.0,35150.0,36150.0,35750.0,165354.0,35750.0
2019-07-26,36150.0,35050.0,35350.0,35300.0,101354.0,35300.0
2019-07-29,35450.0,34200.0,35300.0,34200.0,119791.0,34200.0
2019-07-30,34650.0,34050.0,34050.0,34050.0,84014.0,34050.0
2019-07-31,34550.0,33350.0,34100.0,34050.0,97750.0,34050.0
2019-08-01,34400.0,33500.0,34050.0,33700.0,80943.0,33700.0
2019-08-05,33550.0,30950.0,33050.0,31000.0,285867.0,31000.0
